Rk,School,G,W,L,W-L%,SRS,SOS,W,L,W,L,W,L,Tm.,Opp.,,Pace,ORtg,FTr,3PAr,TS%,TRB%,AST%,STL%,BLK%,eFG%,TOV%,ORB%,FT/FGA
1,Abilene Christian,12,7,5,.583,-4.22,-2.72,2,0,6,1,1,4,933,725,,71.5,83.6,.424,.357,.516,46.8,44.1,9.0,7.5,.456,26.2,23.1,.326
2,Air Force,13,6,7,.462,-3.08,-1.83,1,1,3,3,3,1,986,944,,68.0,106.8,.261,.464,.577,50.2,57.8,8.4,8.5,.560,15.4,22.3,.176
3,Akron,12,9,3,.750,6.25,-1.65,0,0,7,0,1,2,906,760,,72.3,87.7,.271,.282,.454,48.1,36.9,9.9,8.7,.423,16.1,27.0,.178
4,Alabama A&M,10,3,7,.300,-14.93,-1.03,0,0,3,0,0,7,677,816,,71.6,112.6,.344,.389,.585,57.1,55.7,7.7,13.2,.569,16.6,31.7,.224
5,Alabama-Birmingham,12,8,4,.667,-0.04,-2.13,0,0,5,2,1,2,778,743,,66.3,93.3,.272,.388,.486,44.9,49.1,11.7,9.3,.455,16.8,26.5,.188
6,Alabama State,12,1,11,.083,-17.02,3.40,0,0,0,0,0,8,685,930,,70.2,110.5,.369,.372,.606,57.7,56.0,10.2,11.4,.583,19.1,30.3,.257
7,Alabama,11,6,5,.545,9.63,5.18,0,0,3,1,1,2,903,854,,79.1,98.2,.309,.364,.514,48.9,45.0,11.7,12.1,.479,16.3,28.3,.219
8,Albany (NY),14,6,8,.429,-8.37,-5.14,0,0,4,2,0,6,934,950,,70.4,96.4,.271,.389,.499,49.6,55.3,11.5,9.6,.465,15.5,26.5,.195
9,Alcorn State,10,4,6,.400,-13.57,5.76,0,0,4,0,0,6,786,717,,73.8,96.0,.340,.407,.528,47.0,52.5,10.0,6.2,.503,19.3,26.8,.219
10,American,10,4,6,.400,-5.76,-5.66,0,0,2,2,2,4,737,738,,70.3,105.0,.374,.298,.550,51.3,44.8,8.8,10.7,.514,15.7,28.8,.267
11,Appalachian State,12,8,4,.667,2.47,-1.53,2,0,4,0,3,3,843,744,,69.6,89.0,.220,.438,.484,48.6,55.1,7.7,7.5,.455,20.1,26.9,.159
12,Arizona State,12,8,4,.667,9.65,3.15,0,0,5,1,2,0,876,798,,74.4,89.5,.298,.357,.492,51.4,45.2,7.8,8.9,.468,19.8,27.4,.187
13,Arizona,13,10,3,.769,22.43,4.05,0,0,7,1,0,1,1088,849,,72.7,89.7,.377,.368,.481,47.5,57.5,5.9,6.0,.433,18.8,28.0,.269
14,Little Rock,13,8,5,.615,0.50,-1.09,2,0,4,1,4,4,884,847,,69.2,94.2,.345,.439,.518,46.9,54.2,10.2,8.9,.489,19.7,26.7,.229
15,Arkansas-Pine Bluff,11,1,10,.091,-20.00,6.20,0,0,1,0,0,10,550,804,,67.7,108.1,.487,.416,.580,52.9,66.0,15.2,7.5,.542,18.6,30.0,.345
16,Arkansas State,12,9,3,.750,-2.09,-1.91,2,0,6,1,3,2,816,802,,67.5,99.0,.373,.338,.548,50.7,56.1,9.9,5.6,.516,19.8,27.4,.257
17,Arkansas,11,10,1,.909,16.44,0.81,0,0,8,0,1,1,826,654,,72.6,80.0,.300,.311,.452,51.3,41.7,8.2,6.6,.416,22.1,27.1,.201
18,Army,11,5,6,.455,-14.60,-7.50,0,0,3,2,2,4,769,803,,71.8,100.5,.260,.459,.524,50.9,51.2,11.1,9.6,.507,15.7,25.5,.164
19,Auburn,11,11,0,1.000,18.84,3.21,0,0,6,0,1,0,900,728,,72.5,90.3,.239,.339,.479,45.8,41.8,9.8,5.5,.453,18.1,28.1,.161
20,Austin Peay,12,6,6,.500,-1.93,1.07,0,0,5,0,0,5,936,904,,72.0,104.6,.352,.342,.573,50.7,52.5,9.8,4.9,.536,20.1,31.0,.265
21,Ball State,13,7,6,.538,5.27,-2.90,0,0,3,3,2,1,937,795,,69.7,87.7,.273,.324,.485,47.9,49.1,8.1,8.3,.452,19.2,24.2,.192
22,Baylor,10,9,1,.900,18.52,2.52,0,0,5,0,0,0,766,606,,70.0,86.6,.307,.350,.477,46.4,51.9,8.3,13.3,.441,20.8,28.5,.211
23,Belmont,12,8,4,.667,5.91,-4.18,0,0,5,0,3,3,978,818,,75.4,90.4,.232,.329,.483,48.4,46.2,9.3,8.8,.464,17.4,24.7,.146
24,Bethune-Cookman,13,6,7,.462,-9.71,-3.61,0,0,3,0,1,7,948,905,,75.0,92.8,.377,.350,.506,49.7,55.0,8.5,6.8,.471,19.7,28.0,.250
25,Binghamton,12,5,7,.417,-14.72,-3.54,0,0,4,1,1,6,836,938,,69.4,111.4,.265,.358,.531,51.9,48.9,9.7,10.1,.510,10.9,32.9,.176
26,Boise State,13,8,5,.615,5.55,2.46,1,1,5,1,1,3,1021,907,,70.7,95.1,.236,.321,.520,49.2,43.9,8.3,6.8,.497,17.0,21.9,.162
27,Boston College,13,8,5,.615,3.19,1.03,2,0,5,4,2,1,879,851,,72.0,90.9,.283,.386,.501,53.0,52.0,9.9,6.8,.471,21.1,30.4,.195
28,Boston University,12,5,7,.417,-5.13,-1.41,0,0,3,1,2,4,833,846,,68.7,101.6,.283,.341,.522,50.3,41.0,9.4,8.3,.493,15.2,28.5,.197
29,Bowling Green State,12,8,4,.667,0.86,-0.64,0,0,5,0,0,1,913,855,,72.7,96.0,.380,.402,.509,48.0,50.0,7.2,7.9,.476,16.8,24.0,.250
30,Bradley,12,8,4,.667,4.43,-2.39,0,0,7,0,0,3,865,757,,68.9,91.5,.280,.429,.484,45.2,46.8,10.0,8.7,.443,17.5,25.8,.210
31,Brigham Young,14,10,4,.714,17.33,8.02,0,0,5,1,1,2,1089,933,,69.5,94.1,.262,.314,.502,49.7,43.7,8.5,7.1,.480,15.7,23.0,.169
32,Brown,10,5,5,.500,-6.85,-4.25,0,0,4,1,1,4,695,721,,71.1,101.4,.344,.370,.533,45.6,47.8,12.2,10.3,.497,16.7,27.1,.248
33,Bryant,12,8,4,.667,-1.24,-4.78,0,0,4,1,4,3,892,804,,73.0,90.8,.303,.348,.474,48.3,54.3,8.8,7.4,.445,16.9,28.1,.194
34,Bucknell,12,4,8,.333,-8.98,0.77,0,0,2,1,1,5,834,951,,72.0,110.1,.389,.317,.572,52.7,46.6,9.4,10.6,.541,15.5,29.6,.275
35,Buffalo,12,8,4,.667,0.68,-0.96,0,0,4,2,1,1,967,912,,75.9,100.1,.304,.310,.527,47.8,53.7,9.8,11.6,.498,18.2,30.5,.210
36,Butler,12,11,1,.917,17.88,3.55,0,0,7,0,1,1,833,661,,63.5,86.7,.265,.395,.469,45.9,51.7,9.1,9.4,.442,18.7,24.0,.171
37,Cal Poly,12,2,10,.167,-11.88,2.76,0,0,2,2,0,6,750,867,,68.3,105.7,.383,.371,.567,54.3,53.7,10.2,7.5,.532,18.4,30.8,.277
38,Cal State Bakersfield,14,6,8,.429,-6.90,-0.53,0,0,5,3,1,5,1024,974,,67.6,100.3,.458,.429,.553,42.9,53.8,7.9,5.2,.517,18.2,23.9,.313
39,Cal State Fullerton,13,3,10,.231,-8.18,0.73,0,0,1,4,1,5,779,866,,68.6,97.1,.325,.325,.520,52.5,46.4,9.2,7.1,.488,17.0,24.3,.225
40,Cal State Northridge,13,3,10,.231,-10.24,2.68,0,0,2,2,1,7,922,1042,,71.5,112.2,.276,.450,.576,54.0,61.4,8.0,10.6,.553,15.9,33.0,.196
41,California Baptist,12,8,4,.667,0.29,-6.89,0,0,7,2,1,2,983,848,,72.7,96.3,.306,.332,.490,45.9,51.0,9.0,9.2,.462,13.7,25.2,.198
42,UC-Davis,14,5,9,.357,-6.02,-1.09,0,0,3,0,1,7,981,999,,67.8,103.4,.322,.388,.560,52.1,61.5,8.8,8.3,.521,17.6,27.1,.250
43,UC-Irvine,14,7,7,.500,1.41,0.74,0,0,3,1,2,5,1052,941,,72.4,92.8,.392,.404,.495,41.6,52.7,8.6,6.6,.448,16.0,22.1,.278
44,UC-Riverside,13,8,5,.615,-2.00,-5.91,0,0,6,1,2,4,846,737,,65.4,86.7,.313,.345,.454,45.0,48.7,8.6,8.0,.420,14.3,21.1,.202
45,UC-Santa Barbara,13,9,4,.692,0.04,-4.38,0,0,6,1,3,3,944,872,,65.0,102.1,.331,.371,.538,45.1,46.0,7.3,6.9,.509,16.2,25.2,.229
46,University of California,12,6,6,.500,0.87,4.45,0,0,6,1,0,2,793,836,,66.3,104.0,.313,.379,.523,50.8,48.6,6.0,7.4,.480,14.9,29.9,.241
47,Campbell,11,8,3,.727,-5.36,-6.91,0,0,4,0,3,2,793,702,,69.6,90.7,.385,.365,.508,53.5,39.7,8.0,6.6,.463,22.4,31.0,.276
48,Canisius,11,5,6,.455,-5.74,-5.83,0,1,3,0,1,5,780,779,,72.2,98.1,.357,.382,.526,52.8,49.5,10.3,7.0,.491,20.3,34.4,.248
49,Central Arkansas,12,3,9,.250,-13.56,4.44,2,0,3,1,0,7,864,1042,,78.0,108.0,.315,.380,.553,52.5,56.4,11.7,11.3,.519,15.1,30.2,.234
50,Central Connecticut State,12,0,12,.000,-23.63,-0.63,0,0,0,3,0,7,680,956,,72.4,110.1,.299,.428,.571,56.2,60.2,11.1,12.8,.550,15.8,30.1,.205
51,Central Florida,12,9,3,.750,4.80,-1.21,0,0,6,1,1,1,859,787,,69.9,93.8,.207,.353,.495,47.2,57.9,8.8,7.0,.468,17.8,28.6,.152
52,Central Michigan,12,7,5,.583,-2.18,-3.63,0,0,7,0,0,5,1055,899,,78.4,95.6,.229,.422,.543,48.4,53.9,7.8,7.6,.525,20.5,24.4,.153
53,Charleston Southern,11,5,6,.455,-16.74,-0.64,0,0,3,1,2,4,680,813,,70.7,104.6,.267,.379,.551,55.3,54.4,10.6,9.4,.528,18.3,34.3,.185
54,Charlotte,11,6,5,.545,3.37,-3.26,0,0,5,1,1,4,768,695,,68.7,89.9,.273,.415,.503,47.8,52.1,10.7,10.7,.488,19.4,22.2,.160
55,Chattanooga,13,8,5,.615,-3.34,-1.76,0,1,4,0,2,5,913,884,,68.7,98.1,.315,.346,.528,50.2,47.2,8.2,11.3,.499,18.2,27.1,.217
56,Chicago State,14,4,10,.286,-26.27,-1.54,0,0,3,3,1,5,957,1161,,74.5,111.2,.402,.391,.573,52.5,61.1,11.5,6.9,.535,15.7,31.6,.296
57,Cincinnati,12,7,5,.583,9.56,4.81,0,0,5,1,0,2,887,830,,71.2,94.2,.293,.369,.505,47.7,50.9,8.7,8.0,.467,17.7,26.5,.216
58,Citadel,12,6,6,.500,-10.17,-0.62,0,1,3,3,3,3,1021,950,,78.3,98.0,.264,.415,.523,49.6,51.6,10.1,7.3,.497,17.7,27.8,.183
59,Clemson,12,6,6,.500,8.17,2.67,0,2,5,3,0,2,803,737,,67.7,89.8,.262,.463,.506,51.0,54.7,10.0,8.4,.473,21.0,25.7,.191
60,Cleveland State,13,4,9,.308,-14.20,1.30,0,0,2,3,0,6,790,951,,71.9,101.7,.438,.376,.532,51.4,55.1,11.1,13.6,.486,17.6,31.8,.312
61,Coastal Carolina,13,8,5,.615,1.67,-1.69,1,1,5,3,3,1,1066,958,,74.1,99.5,.365,.472,.527,45.9,57.1,8.9,6.1,.492,17.5,28.7,.252
62,Colgate,13,9,4,.692,-1.64,-2.22,0,0,5,0,3,4,974,928,,69.2,102.2,.245,.357,.536,50.4,45.5,9.4,10.6,.510,15.9,26.4,.177
63,College of Charleston,12,6,6,.500,1.77,2.59,0,0,4,2,1,2,825,808,,68.1,98.9,.315,.350,.510,52.4,54.3,8.4,12.6,.473,16.4,30.5,.226
64,Colorado State,14,8,6,.571,4.19,3.90,0,2,4,3,1,2,1015,1011,,69.3,100.7,.236,.398,.534,49.7,51.1,8.1,7.3,.511,16.1,24.7,.166
65,Colorado,12,10,2,.833,14.17,5.75,0,0,5,1,1,1,834,733,,69.5,87.1,.244,.300,.480,45.2,48.7,12.2,10.3,.450,20.1,24.6,.171
66,Columbia,12,3,9,.250,-7.71,-0.79,0,0,2,0,0,8,785,868,,70.8,102.2,.231,.348,.534,52.6,45.2,8.1,13.3,.517,14.6,24.9,.152
67,Connecticut,11,8,3,.727,11.82,0.37,0,0,6,1,0,0,823,697,,70.5,87.9,.303,.333,.481,48.4,46.6,10.1,10.5,.439,20.6,29.2,.223
68,Coppin State,13,4,9,.308,-8.37,0.70,0,0,1,1,3,8,899,1017,,76.2,101.7,.357,.455,.530,53.8,64.0,8.5,8.9,.498,17.1,29.6,.244
69,Cornell,10,1,9,.100,-8.47,-3.47,0,0,1,2,0,7,650,700,,65.4,105.7,.289,.406,.543,50.8,52.8,9.2,13.3,.519,15.8,29.8,.196
70,Creighton,12,10,2,.833,12.28,3.45,0,0,8,0,1,1,935,829,,70.9,96.4,.243,.383,.505,49.9,46.0,7.4,9.0,.478,16.3,26.5,.170
71,Dartmouth,13,7,6,.538,-4.46,-6.04,0,0,3,1,3,4,885,817,,67.0,92.1,.267,.441,.493,48.0,54.8,8.1,7.7,.483,16.6,21.3,.146
72,Davidson,11,6,5,.545,9.34,4.16,0,0,3,0,2,1,772,715,,66.6,97.5,.344,.361,.529,51.7,44.2,6.8,6.8,.499,17.5,24.4,.232
73,Dayton,12,10,2,.833,20.86,3.36,0,0,7,0,0,0,1005,795,,68.6,94.6,.318,.327,.514,47.3,46.0,8.2,6.0,.483,18.2,26.4,.217
74,Delaware State,13,1,12,.077,-20.82,-2.48,0,0,1,4,0,7,932,1115,,76.5,112.1,.438,.431,.609,54.6,61.0,10.6,8.4,.578,17.9,28.9,.314
75,Delaware,13,10,3,.769,0.60,-4.74,0,0,4,0,2,2,981,871,,69.5,95.5,.264,.409,.501,49.7,51.4,9.2,6.5,.473,15.9,25.4,.181
76,Denver,14,4,10,.286,-12.29,-1.52,0,0,3,3,0,6,895,1018,,70.6,102.0,.336,.458,.555,52.3,52.5,9.8,7.4,.524,17.5,24.3,.239
77,DePaul,13,12,1,.923,9.76,-0.41,0,0,8,1,4,0,1003,852,,73.3,88.5,.329,.404,.485,48.7,51.5,10.0,7.4,.444,21.3,29.8,.235
78,Detroit Mercy,12,2,10,.167,-12.83,0.34,0,0,1,3,0,6,801,959,,71.3,112.0,.316,.432,.581,52.7,63.7,9.2,11.9,.545,15.6,29.3,.245
79,Drake,13,10,3,.769,0.49,-2.24,0,0,7,0,1,2,932,839,,70.0,92.2,.278,.405,.521,47.3,46.1,9.9,8.1,.489,19.8,21.3,.203
80,Drexel,13,7,6,.538,-3.93,-0.68,0,0,5,1,0,5,905,911,,70.0,99.1,.263,.311,.514,48.0,45.2,12.2,8.8,.484,15.8,28.2,.189
81,Duke,11,10,1,.909,26.05,7.23,1,0,5,1,2,0,920,713,,73.6,87.2,.278,.271,.490,43.2,50.5,9.3,9.4,.467,20.4,24.5,.176
82,Duquesne,11,10,1,.909,11.70,-2.85,0,0,5,0,0,0,818,658,,68.3,87.5,.309,.367,.490,46.3,42.0,7.8,6.7,.456,19.9,23.7,.208
83,East Carolina,12,5,7,.417,-4.35,-3.85,0,0,4,2,0,3,852,858,,71.7,99.8,.376,.426,.541,47.3,53.4,8.7,8.5,.506,17.0,23.2,.263
84,East Tennessee State,13,11,2,.846,8.24,-1.12,1,0,7,0,4,2,1023,835,,69.3,92.7,.330,.359,.504,45.4,47.5,9.9,8.0,.469,19.8,27.7,.229
85,Eastern Illinois,12,7,5,.583,-0.24,-6.54,0,0,3,0,3,4,931,775,,72.9,88.6,.326,.362,.488,46.6,47.9,8.2,7.6,.446,20.2,27.1,.234
86,Eastern Kentucky,12,3,9,.250,-16.88,-0.88,0,0,3,2,0,5,880,918,,79.1,96.7,.399,.359,.563,54.2,56.2,10.2,8.3,.517,23.8,31.0,.307
87,Eastern Michigan,11,9,2,.818,-4.50,-0.38,0,0,5,0,2,2,746,672,,68.5,89.1,.274,.491,.512,48.9,59.7,10.6,9.9,.496,24.3,30.3,.165
88,Eastern Washington,11,7,4,.636,3.86,2.20,0,0,5,0,2,4,984,830,,79.7,94.6,.347,.374,.507,48.4,57.2,9.2,8.3,.464,18.1,27.8,.252
89,Elon,13,4,9,.308,-11.45,-0.75,0,0,4,3,0,6,882,911,,70.2,98.9,.367,.412,.522,51.8,51.5,9.1,12.2,.484,15.6,24.1,.258
90,Evansville,13,9,4,.692,-3.93,-3.35,0,0,5,1,3,1,1015,1004,,71.4,104.1,.332,.296,.539,52.9,39.7,6.8,6.4,.504,15.4,28.9,.240
91,Fairfield,10,3,7,.300,-4.67,-0.27,0,0,0,3,2,2,611,655,,64.4,98.1,.338,.396,.532,50.1,55.0,9.7,8.6,.501,17.3,25.0,.234
92,Fairleigh Dickinson,11,2,9,.182,-13.33,-0.43,0,0,2,1,0,8,739,819,,68.6,108.6,.323,.391,.555,55.1,60.2,8.2,7.5,.528,16.9,35.7,.223
93,Florida A&M,10,1,9,.100,-11.98,3.62,0,0,0,0,1,7,592,748,,71.4,104.8,.402,.350,.549,55.8,54.0,10.6,10.7,.520,17.8,35.0,.267
94,Florida Atlantic,12,8,4,.667,-4.79,-6.13,0,0,7,1,1,3,879,802,,70.9,93.3,.271,.376,.524,46.3,51.9,9.4,6.0,.497,20.6,24.1,.189
95,Florida Gulf Coast,14,3,11,.214,-15.28,-2.53,0,0,3,5,0,6,856,973,,69.9,98.6,.335,.390,.512,52.0,48.7,11.3,10.6,.479,17.8,32.8,.228
96,Florida International,12,9,3,.750,0.72,-8.51,0,0,5,0,3,2,1009,845,,78.4,89.8,.341,.337,.467,51.8,42.1,10.1,8.2,.424,19.7,35.8,.238
97,Florida State,12,10,2,.833,16.76,3.85,1,1,6,0,1,2,908,753,,69.8,89.0,.384,.419,.497,49.1,40.7,7.8,6.9,.451,22.8,31.3,.275
98,Florida,11,7,4,.636,13.06,7.61,0,0,3,1,0,2,748,688,,67.2,93.1,.324,.387,.485,47.8,55.8,8.3,8.6,.448,17.0,27.7,.223
99,Fordham,11,5,6,.455,-4.41,-6.51,0,0,4,4,0,0,683,660,,66.2,89.7,.312,.421,.496,51.1,53.5,10.2,5.2,.457,21.3,28.3,.224
100,Fresno State,12,4,8,.333,3.06,1.97,0,2,3,2,1,5,861,804,,65.6,97.9,.385,.387,.507,46.7,48.7,9.0,8.3,.457,14.6,24.9,.287
101,Furman,14,11,3,.786,8.55,-1.63,1,0,6,0,4,3,1100,896,,69.7,91.1,.229,.383,.511,51.7,54.1,7.9,9.9,.486,21.6,28.6,.161
102,Gardner-Webb,12,4,8,.333,-6.94,2.56,0,0,2,1,0,7,803,860,,68.8,104.2,.303,.467,.535,51.6,58.6,8.6,7.3,.502,15.1,29.4,.221
103,George Mason,12,11,1,.917,4.88,-2.79,0,0,8,0,0,1,852,760,,67.8,92.5,.247,.397,.466,46.4,47.9,7.4,6.9,.445,15.7,29.1,.152
104,George Washington,11,5,6,.455,-5.40,-4.31,0,0,3,3,0,2,745,757,,67.9,101.3,.295,.234,.505,51.8,38.1,9.4,9.9,.470,13.4,29.8,.210
105,Georgetown,12,9,3,.750,13.77,4.69,0,0,6,2,2,0,984,875,,74.7,97.5,.289,.417,.519,44.4,57.4,10.5,6.7,.487,17.6,27.2,.208
106,Georgia Southern,13,8,5,.615,-1.59,0.14,2,0,6,0,1,4,1017,952,,75.6,96.8,.279,.363,.547,52.0,51.4,7.1,7.6,.516,21.6,28.2,.208
107,Georgia State,12,8,4,.667,5.36,3.36,2,0,5,0,2,4,959,868,,74.1,95.6,.426,.395,.513,50.6,58.0,8.5,9.3,.452,19.6,32.7,.328
108,Georgia Tech,12,6,6,.500,5.29,5.87,1,1,3,3,2,2,792,799,,72.5,90.0,.327,.331,.482,50.7,54.3,10.4,7.3,.437,18.3,28.1,.238
109,Georgia,11,8,3,.727,8.35,1.75,0,0,7,0,1,1,908,839,,75.2,99.2,.243,.376,.523,46.9,44.2,8.4,7.1,.507,17.7,29.7,.153
110,Gonzaga,14,13,1,.929,22.19,2.05,0,0,8,0,3,0,1235,953,,73.3,92.1,.221,.345,.499,44.0,45.7,8.5,7.2,.473,17.4,23.1,.155
111,Grambling,13,6,7,.462,-9.63,1.15,0,0,4,0,2,6,1015,947,,74.7,97.5,.410,.414,.539,47.1,60.2,9.4,6.5,.504,19.5,26.5,.280
112,Grand Canyon,14,5,9,.357,-3.05,1.26,0,0,4,4,0,2,951,1016,,67.9,105.9,.309,.424,.559,52.7,54.0,8.0,8.0,.532,16.4,27.7,.217
113,Green Bay,13,5,8,.385,-5.96,2.59,0,0,3,2,2,6,1074,1055,,77.2,105.2,.261,.424,.573,51.6,54.9,7.4,6.0,.550,18.3,27.4,.188
114,Hampton,12,4,8,.333,-18.82,-0.93,0,0,4,2,0,6,901,927,,72.9,104.9,.378,.372,.526,51.2,53.9,9.0,6.7,.490,15.0,32.9,.261
115,Hartford,13,6,7,.462,-12.87,-7.87,0,0,4,4,2,3,869,902,,71.4,97.2,.324,.339,.512,54.6,52.9,10.1,7.0,.484,17.9,31.2,.214
116,Harvard,12,8,4,.667,1.90,-3.19,0,0,4,0,3,1,881,768,,70.4,90.9,.302,.342,.490,46.6,47.5,9.8,8.3,.466,18.6,27.4,.190
117,Hawaii,13,8,5,.615,2.12,2.37,0,0,8,3,0,2,909,895,,71.0,97.0,.317,.270,.512,50.1,41.1,10.7,8.0,.472,16.8,28.4,.233
118,High Point,12,3,9,.250,-18.32,0.28,0,0,3,3,0,6,788,931,,70.3,109.3,.305,.478,.580,47.5,62.3,12.2,11.5,.558,16.4,27.3,.211
119,Hofstra,13,9,4,.692,-0.94,-5.52,0,0,4,1,3,3,1004,907,,72.6,96.1,.220,.355,.514,48.9,57.2,8.2,7.6,.490,18.1,28.3,.155
120,Holy Cross,12,1,11,.083,-17.11,-1.65,0,0,0,5,0,5,811,984,,71.2,112.8,.356,.365,.572,51.9,45.8,11.4,8.7,.548,14.5,30.4,.244
121,Houston Baptist,10,0,10,.000,-16.74,7.86,0,1,0,1,0,8,766,1012,,80.1,126.3,.390,.325,.633,54.8,58.9,11.9,11.3,.610,14.4,35.6,.282
122,Houston,13,10,3,.769,14.82,3.13,0,0,5,2,2,1,1003,851,,68.4,95.7,.377,.394,.495,42.2,55.4,6.5,4.4,.449,14.9,25.3,.269
123,Howard,13,2,11,.154,-23.07,-2.71,0,0,1,4,1,6,883,1052,,71.7,111.9,.325,.367,.572,54.6,65.5,7.9,10.1,.550,15.8,32.3,.221
124,Idaho State,9,3,6,.333,-8.59,-0.45,0,0,2,1,1,5,636,602,,67.5,97.7,.310,.249,.528,47.3,41.4,9.1,8.3,.488,17.6,25.7,.235
125,Idaho,11,4,7,.364,-13.74,-3.52,0,0,3,2,0,4,745,781,,70.5,99.6,.235,.396,.515,51.0,53.4,9.9,7.3,.493,14.9,26.4,.158
126,Illinois-Chicago,13,5,8,.385,-7.93,-0.18,0,0,4,3,0,5,857,947,,70.9,102.8,.343,.356,.525,52.3,57.9,9.4,8.7,.495,15.4,30.9,.231
127,Illinois State,12,5,7,.417,-2.58,1.42,0,0,5,1,0,3,823,848,,69.6,101.6,.308,.395,.539,50.4,48.3,9.5,7.6,.502,18.4,29.6,.232
128,Illinois,12,8,4,.667,13.31,4.04,1,1,7,1,1,2,951,797,,71.5,91.9,.175,.349,.495,41.0,45.2,10.7,5.0,.474,17.5,24.4,.124
129,Incarnate Word,12,3,9,.250,-22.45,-4.45,0,1,3,3,0,6,791,867,,71.0,100.8,.324,.393,.525,53.3,57.6,9.0,11.5,.487,17.7,32.9,.239
130,Indiana State,11,7,4,.636,4.24,2.64,0,0,4,0,1,2,805,782,,68.8,102.2,.370,.399,.535,50.1,49.8,7.1,8.4,.504,15.9,25.8,.251
131,Indiana,12,11,1,.917,15.26,1.35,1,1,9,0,0,1,964,797,,70.5,93.2,.325,.411,.510,42.6,52.2,9.7,7.4,.476,17.9,23.2,.226
132,Iona,6,2,4,.333,-5.46,-3.96,0,0,0,1,0,2,419,428,,69.1,99.1,.323,.384,.539,50.5,66.2,10.6,8.5,.519,20.1,31.8,.206
133,Iowa State,11,7,4,.636,13.98,3.25,0,0,6,1,0,1,895,777,,74.7,94.5,.207,.374,.505,52.0,47.6,8.4,5.0,.483,20.0,32.4,.143
134,Iowa,12,9,3,.750,16.55,7.22,1,1,5,1,2,1,957,845,,71.6,98.4,.244,.383,.518,47.4,55.2,8.8,11.0,.484,16.4,27.4,.189
135,Purdue-Fort Wayne,15,7,8,.467,-6.45,-1.86,0,0,6,1,1,7,1058,1032,,70.0,98.3,.251,.420,.536,48.6,57.4,9.4,8.9,.508,18.1,25.4,.185
136,IUPUI,13,4,9,.308,-14.95,-0.04,0,0,3,1,1,6,848,975,,71.0,105.6,.259,.415,.549,51.7,55.1,10.8,11.1,.525,16.4,30.7,.183
137,Jackson State,12,3,9,.250,-15.58,0.32,0,0,2,0,1,9,806,900,,73.0,102.7,.435,.379,.609,55.4,56.5,8.3,8.9,.579,23.8,27.7,.312
138,Jacksonville State,12,4,8,.333,-8.35,-2.54,0,0,3,1,0,6,842,836,,70.3,98.1,.247,.364,.537,47.9,53.0,9.3,10.9,.511,18.0,24.1,.178
139,Jacksonville,14,7,7,.500,-4.05,-2.64,0,0,3,1,3,4,943,928,,68.7,94.8,.258,.412,.491,47.7,46.6,9.5,8.2,.460,14.0,23.2,.183
140,James Madison,11,7,4,.636,-5.41,-2.21,0,0,5,1,2,3,841,825,,76.1,98.6,.208,.397,.488,49.1,47.0,7.6,9.9,.466,12.3,26.2,.140
141,Kansas State,11,6,5,.545,5.83,-1.08,0,0,5,1,1,0,732,656,,67.7,87.1,.318,.365,.495,50.3,48.9,10.2,9.5,.462,23.1,29.0,.215
142,Kansas,11,9,2,.818,27.50,9.60,0,0,5,0,1,1,901,692,,71.6,86.9,.237,.493,.476,44.6,54.9,9.4,5.1,.449,19.2,24.4,.162
143,Kennesaw State,12,1,11,.083,-20.13,-0.80,0,0,1,2,0,7,682,914,,70.1,108.7,.290,.405,.565,50.3,53.4,9.8,11.8,.541,15.7,27.6,.204
144,Kent State,12,10,2,.833,7.50,-4.60,0,0,7,0,2,0,975,785,,71.5,89.6,.297,.359,.482,48.2,50.9,6.7,6.3,.441,18.9,28.3,.219
145,Kentucky,11,8,3,.727,13.76,0.49,0,0,7,1,0,0,819,673,,69.8,87.6,.254,.399,.476,45.0,49.8,6.3,6.9,.446,17.6,23.4,.174
146,La Salle,11,8,3,.727,2.84,-0.70,0,0,4,1,1,2,790,751,,71.2,93.6,.369,.369,.485,50.4,47.7,11.3,12.3,.442,16.6,29.1,.256
147,Lafayette,10,7,3,.700,-1.30,-3.85,0,0,4,1,3,2,744,681,,68.2,99.9,.231,.341,.503,48.7,37.0,10.0,7.1,.478,13.2,27.1,.161
148,Lamar,13,7,6,.538,-6.31,-2.11,1,1,6,0,1,6,911,845,,71.2,90.4,.268,.414,.493,49.1,58.1,8.9,10.2,.463,21.3,32.4,.187
149,Lehigh,11,3,8,.273,-7.88,3.35,0,0,2,2,1,6,729,774,,71.5,98.5,.319,.444,.515,49.2,58.2,9.4,9.2,.478,15.7,26.6,.230
150,Liberty,14,14,0,1.000,10.32,-4.26,0,0,6,0,2,0,1003,723,,62.8,82.3,.273,.401,.444,45.2,41.6,7.8,6.1,.411,17.4,21.2,.180
151,Lipscomb,12,5,7,.417,-5.26,-0.26,0,0,3,2,2,5,872,849,,73.0,96.9,.236,.414,.511,51.2,49.4,8.4,9.8,.490,18.6,30.8,.157
152,Cal State Long Beach,14,4,10,.286,-7.96,5.35,0,0,3,2,0,6,950,1092,,73.5,106.1,.260,.403,.554,52.9,60.3,12.7,8.5,.530,18.5,33.7,.185
153,Long Island University,12,4,8,.333,-6.17,-0.75,0,0,1,2,2,5,908,973,,76.4,105.0,.290,.335,.532,55.7,51.3,8.1,11.4,.500,15.0,31.6,.210
154,Longwood,12,5,7,.417,-11.48,-7.68,0,0,4,1,1,6,825,816,,69.1,95.4,.352,.439,.522,50.9,55.1,8.1,10.1,.497,18.3,25.2,.224
155,Louisiana,12,5,7,.417,-7.06,-1.79,0,2,4,1,0,5,882,912,,74.1,101.4,.353,.412,.547,50.9,50.2,8.7,7.0,.518,18.6,28.8,.242
156,Louisiana-Monroe,10,4,6,.400,-7.16,-3.41,0,2,4,3,0,3,653,637,,65.9,95.4,.307,.345,.494,49.2,45.9,9.6,6.6,.462,16.3,29.6,.208
157,Louisiana State,11,7,4,.636,14.34,1.34,0,0,6,1,0,1,899,756,,73.7,93.3,.235,.392,.488,45.2,48.4,10.0,6.3,.461,16.8,28.2,.162
158,Louisiana Tech,12,9,3,.750,6.15,-5.45,0,0,7,0,2,3,938,736,,71.2,86.1,.324,.350,.465,48.2,49.0,6.9,7.6,.437,20.3,29.1,.200
159,Louisville,12,11,1,.917,18.74,0.49,2,0,9,0,1,0,920,701,,67.4,86.7,.241,.407,.439,44.3,46.6,8.3,5.2,.404,14.5,26.0,.169
160,Loyola (IL),13,8,5,.615,5.55,-0.86,0,0,5,2,1,1,928,820,,68.5,92.1,.289,.432,.526,49.2,49.8,10.3,6.6,.507,21.1,23.5,.184
161,Loyola Marymount,13,6,7,.462,-0.92,0.92,0,0,5,2,0,3,895,874,,66.5,101.2,.443,.449,.544,50.6,58.9,9.5,11.3,.497,19.0,31.3,.322
162,Loyola (MD),11,7,4,.636,-6.82,-7.72,0,0,3,0,3,4,792,756,,70.5,96.4,.336,.338,.508,53.4,51.5,8.9,9.9,.469,18.6,31.2,.240
163,Maine,12,3,9,.250,-16.04,-1.49,0,0,1,2,1,7,688,808,,65.2,103.3,.290,.378,.540,47.5,50.5,13.9,7.7,.511,14.4,24.4,.207
164,Manhattan,9,4,5,.444,-9.53,-6.20,0,0,2,1,2,4,542,572,,67.6,92.7,.497,.368,.506,51.9,53.0,9.6,9.4,.455,20.3,28.8,.341
165,Marist,9,1,8,.111,-16.74,-7.74,0,1,0,4,1,4,516,597,,65.0,99.3,.388,.469,.537,51.2,65.8,8.7,5.1,.501,17.6,25.8,.271
166,Marquette,11,9,2,.818,13.02,3.39,0,0,6,0,1,1,840,734,,73.5,90.7,.356,.338,.467,47.1,47.7,9.3,10.0,.432,15.2,26.5,.228
167,Marshall,12,5,7,.417,-1.41,-1.22,0,0,4,3,1,4,915,881,,77.2,95.1,.405,.355,.500,50.9,45.9,10.6,7.5,.459,18.5,32.2,.273
168,Maryland-Baltimore County,14,6,8,.429,-9.00,-0.73,0,0,5,1,1,5,976,945,,70.3,96.0,.342,.414,.526,50.2,47.2,10.8,10.5,.488,19.1,27.1,.246
169,Maryland-Eastern Shore,14,1,13,.071,-20.43,3.19,0,0,1,1,0,12,755,1016,,69.7,104.1,.358,.383,.573,56.6,59.5,12.1,10.9,.545,20.2,30.7,.251
170,Maryland,12,10,2,.833,19.52,6.18,1,1,7,0,0,2,896,736,,71.0,86.3,.242,.396,.462,44.6,56.2,8.6,10.6,.438,17.5,24.4,.155
171,Massachusetts-Lowell,13,6,7,.462,-5.24,-5.66,0,0,4,5,2,2,968,920,,71.1,98.5,.240,.356,.503,48.5,48.6,8.8,9.6,.485,15.9,29.5,.150
172,Massachusetts,12,6,6,.500,1.26,0.43,0,0,5,2,1,2,847,837,,69.5,99.3,.325,.307,.533,53.8,57.1,11.0,7.5,.505,19.3,32.0,.221
173,McNeese State,12,5,7,.417,-6.39,3.11,0,1,5,1,0,6,994,859,,72.9,98.2,.268,.414,.527,48.4,54.7,11.1,8.6,.498,18.7,30.8,.192
174,Memphis,11,10,1,.909,17.61,0.52,0,0,7,0,2,0,867,679,,75.7,81.5,.331,.361,.437,46.2,53.4,10.2,7.1,.398,20.0,29.7,.216
175,Mercer,13,5,8,.385,-9.54,-4.79,0,1,3,3,2,3,910,959,,71.6,103.0,.332,.379,.543,47.7,52.5,10.1,8.2,.512,16.4,27.5,.232
176,Merrimack,12,6,6,.500,-12.66,-4.21,0,0,2,0,3,5,744,743,,66.0,93.7,.371,.323,.521,57.2,67.3,7.4,11.4,.483,22.7,34.3,.261
177,Miami (FL),11,8,3,.727,7.90,3.81,0,1,4,1,2,0,832,787,,69.5,102.9,.217,.362,.523,54.0,53.5,7.6,9.8,.504,16.0,33.1,.147
178,Miami (OH),12,6,6,.500,-5.03,-2.57,0,0,4,2,1,2,865,857,,71.3,100.1,.356,.376,.520,51.3,42.7,7.4,8.6,.498,15.7,28.3,.220
179,Michigan State,12,9,3,.750,21.44,5.27,2,0,4,1,2,0,968,774,,72.1,89.4,.316,.372,.467,42.8,54.6,9.0,9.3,.430,15.7,23.3,.214
180,Michigan,12,9,3,.750,18.83,6.83,1,1,6,1,0,2,941,797,,70.3,93.5,.237,.257,.469,49.1,34.1,8.3,5.1,.447,14.4,28.3,.151
181,Middle Tennessee,12,4,8,.333,-11.80,3.20,0,0,3,2,1,3,892,907,,73.9,102.3,.311,.385,.556,49.8,55.8,9.1,7.2,.523,18.6,26.0,.229
182,Milwaukee,12,5,7,.417,-4.53,0.17,0,0,4,2,0,3,872,859,,71.2,97.5,.431,.386,.538,50.5,55.2,7.8,10.4,.492,19.5,27.8,.312
183,Minnesota,11,6,5,.545,16.20,8.20,1,1,5,1,0,3,801,713,,68.9,94.2,.293,.304,.494,46.8,48.8,9.0,9.5,.457,16.2,26.4,.211
184,Mississippi State,11,8,3,.727,9.73,1.45,0,0,5,1,1,0,788,697,,65.4,96.9,.280,.381,.512,44.3,52.8,10.8,6.8,.481,18.1,30.4,.198
185,Mississippi Valley State,13,1,12,.077,-34.75,0.75,0,0,1,0,0,12,869,1241,,80.6,118.4,.314,.414,.594,56.7,62.4,8.6,7.4,.575,14.9,34.3,.215
186,Mississippi,11,8,3,.727,7.02,0.38,0,0,6,1,0,1,792,719,,70.2,93.0,.342,.347,.516,48.0,56.8,10.1,9.9,.479,19.3,24.5,.242
187,Missouri-Kansas City,14,7,7,.500,-5.09,2.83,0,0,4,0,1,5,980,949,,69.8,97.1,.429,.331,.547,51.2,49.7,8.4,12.4,.492,20.2,26.3,.331
188,Missouri State,13,6,7,.462,1.21,-1.49,0,0,5,1,0,4,882,847,,67.8,96.0,.319,.360,.505,45.1,44.7,10.7,8.1,.468,16.3,26.3,.228
189,Missouri,11,7,4,.636,10.14,1.96,0,0,5,1,1,1,725,635,,66.6,85.7,.367,.384,.477,46.3,48.1,8.6,7.3,.422,19.8,24.1,.275
190,Monmouth,11,6,5,.545,-7.17,-2.07,0,0,3,0,2,4,721,777,,70.4,100.4,.412,.369,.535,54.2,49.4,9.3,7.7,.492,18.9,31.6,.297
191,Montana State,11,6,5,.545,-4.79,-0.46,0,0,3,1,1,4,768,738,,69.3,96.9,.277,.401,.496,49.1,52.1,10.5,6.6,.461,14.3,26.5,.199
192,Montana,11,4,7,.364,-2.09,5.36,0,0,4,1,0,6,713,768,,71.5,96.6,.407,.345,.528,52.6,52.5,10.2,7.8,.488,18.2,24.5,.286
193,Morehead State,12,5,7,.417,-9.29,-5.02,0,0,4,1,1,6,822,821,,68.8,97.4,.292,.413,.513,49.2,51.9,9.0,11.8,.482,16.9,27.1,.203
194,Morgan State,13,5,8,.385,-10.06,2.74,0,0,4,2,1,3,919,960,,71.1,100.9,.580,.407,.541,47.2,49.8,9.1,7.8,.483,17.9,28.6,.414
195,Mount St. Mary's,12,3,9,.250,-9.22,-1.40,0,0,2,2,1,7,739,808,,66.0,101.0,.313,.352,.532,50.4,54.9,8.1,9.6,.495,16.3,27.0,.231
196,Murray State,11,6,5,.545,1.46,-4.44,0,0,5,0,0,3,815,690,,70.0,88.6,.333,.388,.494,43.3,51.3,7.4,11.8,.464,17.6,19.8,.217
197,Navy,10,6,4,.600,-2.99,-4.10,0,0,5,1,1,3,618,577,,61.2,91.9,.223,.410,.484,44.6,55.1,9.4,14.7,.461,17.5,25.3,.148
198,Omaha,15,7,8,.467,-3.41,2.52,0,0,6,0,1,7,1070,1134,,71.5,104.8,.255,.386,.529,50.2,56.8,8.6,8.5,.506,14.0,29.2,.175
199,Nebraska,12,5,7,.417,0.92,3.09,1,1,3,3,0,3,896,922,,72.6,101.7,.200,.383,.502,56.7,44.5,7.6,12.3,.479,15.8,35.6,.142
200,Nevada-Las Vegas,13,5,8,.385,-0.32,1.14,1,0,4,4,1,3,891,910,,63.9,104.6,.318,.421,.550,45.5,60.4,9.9,13.2,.513,15.9,26.3,.241
201,Nevada,13,8,5,.615,8.44,4.05,1,0,4,2,1,2,992,935,,72.6,99.0,.373,.404,.496,48.6,46.0,6.1,7.1,.456,12.6,25.7,.256
202,New Hampshire,12,6,6,.500,-8.48,-5.28,0,0,4,0,2,6,899,813,,72.8,92.2,.318,.386,.499,44.1,45.8,9.3,7.9,.465,17.2,20.8,.219
203,New Mexico State,14,8,6,.571,3.12,1.81,0,0,4,1,1,3,928,865,,65.8,93.0,.329,.333,.528,45.2,42.6,11.1,7.7,.484,20.3,23.7,.252
204,New Mexico,14,12,2,.857,7.65,-0.43,2,0,9,0,2,1,1129,1003,,73.5,97.5,.231,.433,.521,46.5,58.4,9.7,6.5,.503,17.8,27.1,.150
205,New Orleans,11,4,7,.364,-10.96,6.18,0,2,4,1,0,6,872,810,,74.0,99.5,.372,.362,.559,50.3,61.5,8.7,7.5,.521,20.9,28.9,.273
206,Niagara,10,2,8,.200,-13.24,-0.84,0,0,1,1,1,7,679,803,,69.5,114.1,.254,.448,.603,59.3,59.6,8.0,6.8,.577,18.0,34.4,.199
207,Nicholls State,13,7,6,.538,-3.45,2.99,1,1,5,0,1,5,1014,886,,75.3,89.7,.405,.345,.509,51.2,55.4,9.2,7.5,.465,23.4,33.8,.285
208,NJIT,12,3,9,.250,-12.81,-4.63,0,0,2,2,1,7,806,868,,70.4,102.7,.314,.393,.550,50.2,52.6,7.5,10.9,.519,16.3,24.3,.226
209,Norfolk State,14,4,10,.286,-11.22,-2.22,0,0,3,2,0,7,941,901,,69.0,92.4,.359,.418,.508,49.2,66.6,8.7,8.5,.460,20.2,28.2,.268
210,North Alabama,12,5,7,.417,-11.21,-5.01,0,0,5,0,0,7,827,830,,70.7,97.9,.369,.317,.507,51.0,43.1,7.3,10.5,.471,17.3,31.0,.250
211,North Carolina-Asheville,11,6,5,.545,-3.52,-3.52,0,0,4,1,2,4,895,829,,73.5,101.3,.502,.266,.589,52.2,49.7,5.5,7.4,.568,23.6,30.2,.324
212,North Carolina A&T,13,3,10,.231,-11.44,1.18,0,0,2,1,0,7,749,913,,69.5,100.1,.432,.432,.531,52.5,56.8,10.4,8.8,.502,18.3,30.4,.276
213,North Carolina Central,13,3,10,.231,-14.66,0.80,0,0,3,0,0,10,829,894,,70.0,98.2,.309,.405,.547,52.1,52.8,9.3,9.1,.511,22.2,32.4,.231
214,North Carolina-Greensboro,13,10,3,.769,10.70,0.87,1,0,7,2,3,1,908,732,,66.4,84.7,.355,.392,.487,47.1,48.6,8.3,7.8,.458,23.0,26.0,.222
215,North Carolina State,12,9,3,.750,12.88,1.79,1,1,7,1,2,1,981,848,,72.7,96.1,.325,.360,.521,49.9,45.5,8.8,9.8,.493,19.1,29.3,.217
216,North Carolina-Wilmington,13,5,8,.385,-11.10,1.80,0,0,4,3,0,4,948,941,,71.8,99.8,.238,.378,.524,49.6,48.6,9.3,7.9,.504,16.5,26.7,.160
217,North Carolina,12,7,5,.583,9.32,7.65,1,1,3,2,1,2,839,819,,71.5,95.5,.238,.435,.495,44.1,55.1,9.9,7.5,.471,14.7,23.3,.160
218,North Dakota State,13,8,5,.615,-1.36,-3.36,0,0,4,1,3,3,899,835,,66.6,96.4,.231,.321,.520,48.1,40.2,7.3,9.9,.493,15.4,18.7,.169
219,North Dakota,13,6,7,.462,-5.90,1.50,0,0,3,0,2,6,1003,928,,72.0,99.1,.247,.324,.510,45.6,45.9,10.4,9.1,.489,14.0,24.7,.161
220,North Florida,14,7,7,.500,-1.31,2.69,0,0,5,0,1,6,1111,1075,,72.8,105.4,.279,.293,.541,49.8,58.2,9.7,12.6,.515,15.3,30.3,.195
221,North Texas,12,5,7,.417,6.35,4.62,0,0,4,2,1,3,792,734,,65.0,94.1,.439,.374,.519,46.6,50.4,13.2,10.4,.468,20.3,27.4,.320
222,Northeastern,12,6,6,.500,0.43,-4.73,0,0,2,2,3,2,864,802,,65.8,101.5,.324,.391,.539,48.5,40.3,10.0,9.5,.510,16.6,27.1,.223
223,Northern Arizona,9,6,3,.667,-4.77,0.23,0,0,3,1,2,2,680,605,,70.5,95.3,.271,.345,.534,48.1,46.0,8.7,7.6,.505,19.2,23.5,.195
224,Northern Colorado,11,7,4,.636,5.07,-2.16,0,0,4,0,1,3,844,668,,67.6,88.8,.275,.232,.483,47.1,27.6,7.3,9.1,.457,17.2,22.4,.180
225,Northern Illinois,13,7,6,.538,-2.39,-3.89,0,0,4,2,3,4,891,825,,68.2,93.1,.257,.424,.497,46.1,53.2,7.2,8.9,.459,16.0,22.2,.198
226,Northern Iowa,12,11,1,.917,10.39,1.59,0,0,7,0,3,0,933,764,,67.0,94.1,.221,.374,.488,44.8,35.8,11.1,6.9,.463,15.2,24.9,.151
227,Northern Kentucky,12,8,4,.667,3.62,0.52,0,0,5,1,3,3,894,783,,71.2,89.8,.276,.358,.485,49.0,50.7,8.8,5.2,.460,19.3,27.5,.178
228,Northwestern State,10,3,7,.300,-17.38,-0.13,1,1,3,1,0,6,665,769,,72.8,105.6,.389,.390,.544,51.9,56.8,12.4,7.8,.498,16.2,31.1,.291
229,Northwestern,11,5,6,.455,4.69,2.42,0,2,3,3,1,2,744,719,,67.6,96.6,.265,.393,.501,50.0,61.6,8.6,7.1,.474,15.4,27.2,.179
230,Notre Dame,12,8,4,.667,8.70,-2.05,0,2,8,1,0,2,896,767,,69.9,90.6,.183,.377,.469,49.8,52.0,7.1,9.1,.454,16.8,27.8,.109
231,Oakland,13,5,8,.385,-2.86,1.89,0,0,2,1,1,5,813,842,,66.4,96.7,.227,.495,.501,47.2,61.1,11.6,7.2,.480,15.4,24.8,.149
232,Ohio State,12,11,1,.917,25.24,3.49,1,1,8,0,1,1,950,689,,67.9,84.6,.260,.379,.437,44.0,46.2,6.6,6.8,.408,17.1,27.4,.167
233,Ohio,12,8,4,.667,0.31,0.61,0,0,5,1,2,1,877,803,,68.3,97.9,.318,.396,.521,48.1,49.1,8.7,6.3,.476,17.1,25.9,.248
234,Oklahoma State,11,8,3,.727,13.90,7.44,0,0,4,2,2,0,782,711,,71.3,90.7,.302,.452,.486,49.7,57.8,8.9,8.2,.445,19.2,28.7,.220
235,Oklahoma,11,8,3,.727,9.83,5.55,0,0,4,0,1,2,813,766,,72.3,96.4,.238,.441,.502,51.4,48.9,6.9,6.6,.472,15.4,25.4,.175
236,Old Dominion,13,4,9,.308,-1.01,1.30,0,0,3,2,1,4,808,838,,68.7,93.8,.389,.435,.522,47.6,56.0,7.6,9.2,.479,18.9,21.8,.279
237,Oral Roberts,12,7,5,.583,4.62,2.62,0,0,6,0,1,5,945,810,,73.3,92.0,.292,.373,.492,45.2,52.7,7.0,9.1,.465,17.3,26.0,.189
238,Oregon State,11,9,2,.818,8.95,-3.78,0,0,6,0,1,1,858,718,,69.9,93.4,.274,.385,.489,49.7,54.7,7.2,8.1,.456,17.4,29.4,.194
239,Oregon,12,10,2,.833,21.06,8.81,0,0,7,0,1,0,946,799,,68.0,95.9,.255,.419,.486,47.4,51.6,6.2,10.2,.448,16.0,31.7,.194
240,Pacific,15,12,3,.800,1.66,-6.42,0,0,9,1,2,1,1062,897,,64.7,90.2,.352,.420,.507,40.9,45.4,8.3,5.0,.469,18.7,18.7,.245
241,Penn State,12,10,2,.833,16.19,3.10,1,1,8,0,1,1,955,798,,74.3,89.5,.333,.347,.480,47.1,50.7,8.1,5.8,.443,18.5,26.7,.226
242,Pennsylvania,10,6,4,.600,4.27,5.49,0,0,2,0,2,3,792,755,,75.0,100.7,.257,.292,.517,49.4,44.6,11.3,9.1,.491,13.9,25.8,.178
243,Pepperdine,13,7,6,.538,0.77,0.24,0,0,5,1,2,2,1025,1018,,72.8,107.6,.428,.367,.575,51.9,59.1,9.9,6.9,.539,18.3,32.3,.306
244,Pittsburgh,12,9,3,.750,8.24,1.66,1,1,6,2,1,1,776,697,,64.9,89.5,.190,.402,.479,49.4,53.5,8.2,9.0,.456,21.0,33.5,.133
245,Portland State,12,6,6,.500,-1.75,-1.05,0,0,3,1,2,5,960,889,,73.3,101.0,.307,.284,.534,47.3,60.4,7.3,7.8,.502,18.4,33.3,.220
246,Portland,15,8,7,.533,-7.40,-5.09,0,0,6,2,2,1,1025,983,,70.0,93.5,.256,.376,.475,52.9,56.1,9.7,6.4,.452,16.5,32.4,.160
247,Prairie View,12,3,9,.250,-4.83,3.90,0,0,1,0,1,8,828,886,,74.1,98.6,.538,.411,.553,50.8,56.7,8.7,8.1,.505,20.5,28.1,.379
248,Presbyterian,12,2,10,.167,-19.76,-3.31,0,0,1,2,1,6,734,887,,66.9,109.4,.289,.467,.560,53.2,56.3,9.9,9.4,.532,15.6,31.3,.210
249,Princeton,11,3,8,.273,-5.54,0.28,0,0,0,4,1,3,794,858,,68.5,112.6,.329,.314,.595,49.1,44.6,10.0,10.9,.562,14.6,25.3,.252
250,Providence,13,7,6,.538,6.82,-0.25,0,0,6,1,0,2,945,853,,72.4,90.6,.357,.376,.513,47.9,56.1,9.7,9.6,.477,21.5,27.0,.245
251,Purdue,12,7,5,.583,13.70,3.53,1,1,5,1,1,2,806,684,,64.8,87.0,.304,.423,.480,44.8,60.3,7.9,8.5,.449,19.1,23.3,.203
252,Quinnipiac,10,5,5,.500,-7.09,-7.29,0,0,3,1,1,3,724,722,,69.2,104.3,.207,.377,.508,50.7,61.8,7.7,10.3,.479,12.7,29.5,.155
253,Radford,11,4,7,.364,2.77,4.67,0,0,2,1,1,5,757,725,,65.5,100.7,.367,.431,.524,49.3,52.8,6.4,9.5,.496,16.0,28.8,.239
254,Rhode Island,10,7,3,.700,9.45,6.05,0,0,6,0,0,2,752,718,,74.9,94.7,.241,.371,.505,49.4,50.7,8.4,7.1,.475,18.4,29.7,.176
255,Rice,12,8,4,.667,-3.24,-0.34,0,0,4,1,2,2,909,880,,74.2,98.9,.255,.343,.510,49.3,40.6,8.5,9.2,.487,15.1,26.4,.169
256,Richmond,12,10,2,.833,9.31,0.39,0,0,7,0,2,0,914,807,,67.6,97.5,.312,.409,.510,51.6,45.1,9.1,7.2,.476,17.3,29.2,.219
257,Rider,10,7,3,.700,1.11,-3.79,1,0,3,0,2,3,776,727,,75.6,96.2,.271,.432,.510,44.0,50.4,8.9,6.9,.489,15.7,23.3,.172
258,Robert Morris,13,4,9,.308,-10.57,-3.16,0,0,2,1,1,8,886,935,,69.0,104.1,.360,.366,.568,51.4,56.7,10.1,11.5,.537,19.3,30.7,.256
259,Rutgers,12,9,3,.750,14.35,3.10,1,1,9,0,0,2,859,724,,69.8,86.4,.228,.399,.478,43.7,54.2,10.3,10.0,.450,19.5,23.3,.158
260,Sacramento State,9,7,2,.778,0.59,-1.69,0,0,4,0,2,2,570,469,,65.7,79.2,.297,.301,.436,45.3,49.7,7.4,7.4,.383,20.1,24.5,.229
261,Sacred Heart,12,7,5,.583,-4.87,-6.23,0,0,2,0,4,4,951,892,,74.5,99.8,.213,.339,.493,47.1,58.5,9.6,10.1,.468,13.9,31.2,.150
262,Saint Francis (PA),11,7,4,.636,-0.75,-0.35,0,0,3,1,3,3,847,802,,71.1,101.3,.327,.392,.545,48.8,49.5,8.5,8.7,.520,17.9,28.1,.218
263,Saint Joseph's,12,3,9,.250,-5.06,5.03,0,0,2,3,1,3,859,980,,73.7,110.9,.339,.325,.561,52.9,46.4,9.2,15.3,.523,13.6,30.4,.255
264,Saint Louis,12,10,2,.833,10.58,1.94,0,0,7,1,1,0,873,765,,69.2,92.1,.355,.371,.496,45.3,55.1,9.4,7.7,.465,18.3,26.6,.229
265,Saint Mary's (CA),14,12,2,.857,14.14,2.91,0,0,7,1,1,0,1074,877,,64.6,96.1,.228,.322,.515,47.0,36.7,6.0,5.9,.491,17.2,24.0,.160
266,Saint Peter's,9,4,5,.444,-6.43,-2.05,0,0,2,2,2,3,603,617,,69.7,97.0,.406,.367,.519,45.4,58.5,12.6,11.5,.474,19.2,30.7,.291
267,Sam Houston State,12,8,4,.667,-2.57,-3.07,2,0,7,0,1,4,986,846,,77.1,89.5,.395,.411,.512,47.7,54.1,8.6,7.8,.466,22.1,25.8,.283
268,Samford,14,6,8,.429,-9.95,-1.67,0,0,5,1,1,7,1091,1085,,75.6,100.6,.289,.429,.518,50.5,61.2,10.0,7.3,.493,17.4,32.8,.192
269,San Diego State,12,12,0,1.000,21.74,3.10,2,0,6,0,3,0,924,675,,67.5,83.3,.316,.407,.461,44.2,55.4,8.1,4.7,.417,19.7,23.7,.228
270,San Diego,14,6,8,.429,-1.01,0.64,0,0,4,2,2,3,923,946,,71.2,94.1,.305,.327,.506,50.3,46.2,9.7,8.3,.472,16.8,24.7,.213
271,San Francisco,14,11,3,.786,7.53,-0.86,0,0,7,1,3,2,1151,991,,71.5,98.1,.320,.301,.544,45.5,35.8,7.6,9.4,.509,17.8,22.4,.235
272,San Jose State,13,3,10,.231,-9.40,5.68,0,2,2,5,1,4,854,1010,,73.4,105.9,.327,.295,.533,51.0,58.2,11.2,8.7,.509,14.2,29.9,.213
273,Santa Clara,14,12,2,.857,1.29,-5.79,0,0,12,0,0,2,1112,935,,74.6,89.5,.394,.327,.498,48.6,53.5,9.6,4.6,.453,19.5,23.7,.276
274,Seattle,14,7,7,.500,-7.61,-3.52,0,0,5,2,0,4,1004,985,,72.6,96.9,.370,.394,.517,48.7,48.4,7.9,7.2,.478,16.5,24.4,.259
275,Seton Hall,12,8,4,.667,17.30,6.80,0,0,5,1,1,2,897,771,,72.3,88.8,.362,.339,.479,49.5,47.8,9.4,11.1,.442,19.7,29.5,.239
276,Siena,9,4,5,.444,-1.60,-0.93,1,0,4,0,0,5,664,670,,71.0,100.6,.297,.382,.548,45.7,47.3,8.0,11.1,.521,16.2,20.5,.209
277,South Alabama,12,6,6,.500,-1.69,0.82,0,2,4,3,0,2,914,882,,69.4,104.9,.285,.338,.546,50.5,45.6,8.4,9.2,.520,16.7,30.5,.199
278,South Carolina State,11,4,7,.364,-17.03,-0.25,0,0,4,1,0,6,759,871,,69.6,112.5,.293,.385,.572,51.2,44.7,8.9,8.8,.552,14.3,29.0,.201
279,South Carolina Upstate,12,4,8,.333,-15.08,-0.48,0,0,3,1,1,7,798,885,,70.4,104.9,.412,.398,.576,52.8,53.2,8.3,7.8,.532,18.7,27.2,.313
280,South Carolina,12,8,4,.667,6.65,0.98,0,0,5,2,3,0,847,779,,70.9,91.5,.447,.418,.504,47.6,57.0,8.2,7.7,.447,19.9,27.7,.328
281,South Dakota State,15,9,6,.600,-1.24,-4.24,0,0,8,0,1,6,1114,1034,,70.1,96.7,.271,.363,.496,46.9,43.1,9.9,9.4,.471,15.8,28.2,.176
282,South Dakota,14,9,5,.643,-2.10,-2.18,0,0,5,1,2,3,1070,1018,,70.0,103.9,.300,.325,.535,47.2,41.5,8.3,6.8,.502,13.2,22.3,.219
283,South Florida,12,6,6,.500,3.91,0.83,0,0,5,2,0,0,773,736,,66.3,91.5,.363,.419,.550,46.1,51.6,9.6,6.7,.524,23.8,22.7,.242
284,Southeast Missouri State,12,3,9,.250,-11.22,-1.59,0,0,2,1,0,7,763,868,,70.4,102.7,.349,.412,.556,51.9,59.2,8.8,9.1,.531,17.9,26.5,.233
285,Southeastern Louisiana,11,3,8,.273,-13.33,-1.08,0,1,3,1,0,6,772,851,,74.2,103.0,.379,.362,.553,53.3,55.8,9.8,7.0,.522,20.0,35.3,.261
286,Southern California,12,10,2,.833,9.26,2.51,0,0,5,1,2,0,912,831,,73.9,93.7,.258,.402,.492,47.0,49.5,10.3,6.2,.461,16.4,26.7,.182
287,SIU Edwardsville,12,2,10,.167,-19.89,-3.98,0,0,1,3,1,7,738,904,,68.9,109.3,.387,.416,.582,55.1,64.2,8.7,7.5,.539,18.0,32.4,.300
288,Southern Illinois,13,6,7,.462,-1.58,-3.08,0,0,5,1,0,4,836,790,,63.8,95.2,.282,.356,.493,54.1,50.7,10.6,8.1,.463,18.1,33.3,.193
289,Southern Methodist,11,9,2,.818,5.99,-4.20,0,0,7,1,2,1,843,731,,67.4,96.3,.253,.452,.498,44.3,59.0,9.4,10.2,.464,16.0,26.9,.188
290,Southern Mississippi,13,4,9,.308,-4.13,7.17,0,0,4,2,0,4,901,957,,70.0,105.2,.388,.452,.567,49.0,53.4,9.6,6.8,.528,17.8,27.3,.286
291,Southern Utah,11,7,4,.636,1.76,-0.13,0,0,4,0,2,4,847,700,,73.1,85.2,.347,.341,.478,43.6,47.7,8.8,8.8,.432,19.2,21.2,.252
292,Southern,13,3,10,.231,-14.03,1.43,0,0,2,0,0,10,894,981,,69.9,106.9,.503,.366,.570,49.1,52.6,8.1,8.6,.534,17.0,29.1,.346
293,St. Bonaventure,12,8,4,.667,1.27,-2.55,0,0,4,2,2,2,812,745,,66.1,93.9,.383,.414,.500,48.3,56.2,7.8,6.7,.463,18.3,28.2,.257
294,St. Francis (NY),12,6,6,.500,-13.80,-7.43,0,0,5,0,1,6,875,881,,73.4,100.1,.398,.330,.536,51.0,47.5,8.1,6.3,.495,18.0,28.5,.285
295,St. John's (NY),13,11,2,.846,11.04,-1.96,0,0,9,1,0,0,1037,868,,76.2,87.7,.322,.419,.475,47.5,54.8,7.7,7.3,.446,20.3,30.3,.202
296,Stanford,12,11,1,.917,13.76,-2.24,0,0,8,0,1,0,884,692,,70.3,82.0,.239,.394,.462,46.9,45.9,8.6,9.3,.442,21.0,23.6,.144
297,Stephen F. Austin,12,10,2,.833,8.18,-1.42,2,0,7,0,3,2,997,817,,77.2,87.3,.571,.419,.547,44.0,57.7,10.4,9.0,.497,27.6,24.1,.397
298,Stetson,14,5,9,.357,-13.08,-2.41,0,0,3,3,1,5,922,980,,66.7,105.0,.297,.503,.531,47.5,62.2,9.2,9.1,.500,14.8,29.1,.211
299,Stony Brook,14,8,6,.571,-0.86,-1.09,0,0,3,1,3,5,972,922,,68.7,94.2,.234,.395,.486,47.3,56.2,9.1,9.7,.458,15.7,27.2,.165
300,Syracuse,12,7,5,.583,11.51,3.76,1,1,6,2,1,1,884,791,,68.0,96.9,.328,.510,.508,51.5,71.8,9.2,7.4,.466,18.5,32.8,.242
301,Temple,11,8,3,.727,14.10,3.46,0,0,4,1,2,0,802,685,,72.4,86.1,.256,.481,.461,47.7,53.3,8.3,10.3,.430,17.5,25.0,.173
302,Tennessee-Martin,10,3,7,.300,-13.05,2.62,0,0,1,1,1,4,758,841,,70.2,119.8,.240,.429,.612,53.3,56.5,8.4,8.2,.600,15.7,36.3,.164
303,Tennessee State,13,8,5,.615,-1.59,-2.50,0,0,5,0,1,5,976,917,,72.4,97.4,.407,.386,.519,44.6,43.1,9.4,6.0,.474,17.2,26.1,.292
304,Tennessee Tech,12,3,9,.250,-14.54,0.86,0,0,2,3,1,4,745,847,,69.0,101.3,.254,.405,.546,51.0,54.5,11.6,9.0,.525,18.7,29.3,.175
305,Tennessee,11,8,3,.727,14.01,2.28,0,0,6,1,0,1,758,629,,67.9,84.2,.268,.296,.456,46.9,44.6,10.4,8.2,.427,18.6,25.1,.173
306,Texas A&M-Corpus Christi,12,4,8,.333,-11.56,-3.66,0,2,3,3,1,5,743,784,,65.5,99.7,.293,.415,.515,48.1,50.4,11.1,14.0,.484,15.8,28.4,.207
307,Texas A&M,10,5,5,.500,-3.03,0.67,0,0,5,1,0,0,577,614,,66.7,92.1,.218,.485,.485,51.5,59.2,10.5,9.8,.460,19.0,30.7,.152
308,Texas-Arlington,13,4,9,.308,3.19,7.01,0,2,3,2,1,6,910,901,,70.1,98.8,.329,.394,.503,50.7,48.4,7.1,10.9,.469,15.4,28.6,.225
309,Texas Christian,11,8,3,.727,10.80,0.70,0,0,7,2,0,0,796,674,,69.0,87.8,.284,.369,.498,47.6,67.4,7.8,8.5,.475,22.8,27.8,.181
310,Texas-El Paso,13,9,4,.692,3.16,1.16,0,0,8,0,0,3,898,821,,70.1,90.1,.350,.354,.494,50.1,43.9,9.2,7.9,.458,20.2,27.4,.237
311,Texas-Rio Grande Valley,12,4,8,.333,-10.53,-0.75,0,0,4,1,0,5,844,812,,70.5,94.0,.451,.333,.543,51.1,56.2,8.4,4.2,.506,22.6,27.0,.307
312,Texas-San Antonio,12,5,7,.417,-4.40,1.30,0,0,4,1,1,2,911,903,,75.0,100.4,.357,.370,.549,49.4,41.8,6.5,9.2,.520,18.9,25.6,.245
313,Texas Southern,11,3,8,.273,-6.13,9.97,0,0,2,0,1,8,759,882,,76.3,102.7,.341,.360,.533,52.3,50.5,10.5,8.8,.495,16.8,31.9,.249
314,Texas State,13,7,6,.538,1.35,-0.75,0,2,6,1,1,5,960,827,,68.3,93.1,.374,.418,.497,50.9,51.1,8.7,9.8,.453,19.5,31.9,.266
315,Texas Tech,11,8,3,.727,13.47,0.75,0,0,6,0,0,1,841,701,,71.7,86.9,.283,.374,.491,45.3,53.0,8.8,6.4,.461,20.5,21.9,.192
316,Texas,11,9,2,.818,8.28,2.19,0,0,6,0,1,1,739,672,,67.6,90.4,.325,.296,.490,50.7,44.3,9.0,7.9,.464,20.0,30.2,.204
317,Toledo,12,8,4,.667,3.09,-5.36,0,0,5,1,3,3,953,801,,71.6,92.3,.236,.372,.471,47.4,51.2,10.0,11.9,.446,16.4,29.1,.157
318,Towson,12,6,6,.500,1.04,2.04,0,0,3,1,1,2,843,785,,67.3,95.2,.318,.422,.507,46.9,51.1,6.4,8.7,.472,16.7,26.6,.223
319,Troy,13,5,8,.385,-7.98,-3.16,1,1,4,3,1,5,924,899,,71.2,96.3,.366,.454,.519,49.9,57.7,9.7,8.5,.487,19.4,30.8,.244
320,Tulane,12,8,4,.667,0.99,-4.26,0,0,5,0,1,0,876,813,,69.4,96.6,.233,.456,.540,53.1,60.1,6.7,7.4,.524,21.7,29.8,.150
321,Tulsa,12,8,4,.667,3.32,-2.68,0,0,7,1,1,2,890,818,,68.6,96.3,.318,.451,.513,48.2,53.5,11.2,7.9,.476,17.9,28.0,.230
322,UCLA,12,7,5,.583,5.97,2.52,0,0,6,1,0,1,869,805,,68.9,97.5,.369,.393,.529,43.9,44.4,8.2,7.0,.488,17.5,23.3,.267
323,Utah State,14,12,2,.857,15.72,1.41,2,0,7,0,1,1,1098,867,,69.3,87.8,.241,.386,.471,43.2,43.4,9.9,10.5,.446,16.9,21.8,.159
324,Utah Valley,14,5,9,.357,-8.06,-3.39,0,0,2,3,3,6,979,987,,72.5,97.2,.317,.273,.515,49.7,44.1,7.5,10.5,.473,16.3,24.1,.240
325,Utah,12,9,3,.750,11.14,1.22,0,0,5,0,1,1,951,832,,71.2,96.4,.206,.358,.493,45.7,48.4,8.8,10.0,.470,15.0,25.7,.143
326,Valparaiso,13,7,6,.538,0.64,-0.20,0,0,4,0,2,3,992,955,,73.3,99.3,.313,.328,.561,49.6,48.2,9.5,8.1,.540,20.7,26.2,.209
327,Vanderbilt,11,7,4,.636,5.00,-3.36,0,0,7,2,0,1,873,781,,71.2,98.6,.365,.330,.538,48.9,46.9,8.3,6.2,.498,19.0,27.3,.267
328,Vermont,13,8,5,.615,5.92,0.92,0,0,4,1,3,3,874,765,,66.8,88.0,.332,.411,.461,49.3,51.8,9.1,8.6,.419,16.3,26.9,.229
329,Villanova,11,9,2,.818,15.41,5.23,0,0,5,0,1,1,860,748,,69.0,98.7,.223,.344,.520,46.6,49.5,9.4,9.2,.503,16.2,25.3,.143
330,Virginia Commonwealth,12,9,3,.750,10.80,2.14,0,0,8,0,1,1,858,754,,70.5,89.1,.287,.340,.503,52.5,42.5,10.2,9.1,.472,23.7,32.4,.200
331,VMI,13,5,8,.385,-7.57,-4.17,0,1,4,2,0,5,949,823,,65.5,94.1,.303,.358,.509,49.4,55.3,8.0,12.1,.483,19.2,27.9,.198
332,Virginia Tech,12,9,3,.750,11.66,1.99,1,1,7,1,1,0,873,757,,66.9,94.3,.188,.479,.498,49.6,56.5,6.1,7.0,.480,16.9,25.1,.125
333,Virginia,11,9,2,.818,10.27,2.55,2,0,6,1,1,1,597,512,,60.1,77.5,.195,.483,.431,45.9,45.2,11.3,7.6,.407,20.3,22.6,.127
334,Wagner,10,3,7,.300,-11.58,-0.02,0,0,2,1,1,6,734,808,,73.5,107.3,.490,.416,.578,50.3,58.1,9.8,9.7,.548,17.4,26.9,.330
335,Wake Forest,12,7,5,.583,6.17,4.34,0,2,4,1,0,3,891,869,,72.6,98.8,.333,.329,.523,47.4,47.8,10.5,9.6,.490,15.2,24.0,.232
336,Washington State,12,8,4,.667,3.15,-5.11,0,0,5,1,1,1,887,788,,72.4,90.7,.303,.322,.509,48.6,39.2,6.6,6.6,.479,20.4,24.6,.205
337,Washington,13,10,3,.769,13.13,3.29,0,0,7,1,1,0,968,840,,71.5,90.3,.235,.387,.473,48.5,57.6,8.4,5.4,.441,17.2,28.9,.169
338,Weber State,11,4,7,.364,-11.49,5.01,0,0,3,1,1,2,791,756,,70.4,97.5,.219,.395,.538,48.6,58.5,8.8,6.0,.517,17.5,21.2,.156
339,West Virginia,11,10,1,.909,17.82,4.55,0,0,6,0,2,1,831,685,,72.1,86.4,.354,.353,.454,44.1,40.2,10.3,5.6,.406,17.5,28.0,.249
340,Western Carolina,11,8,3,.727,1.47,-1.83,1,0,5,0,3,3,866,809,,72.1,99.6,.332,.358,.528,47.0,42.0,9.4,13.2,.496,17.3,26.7,.230
341,Western Illinois,10,3,7,.300,-12.53,-2.16,0,0,2,4,1,3,785,790,,75.0,105.3,.312,.361,.550,51.8,42.3,7.1,6.5,.524,15.4,26.4,.214
342,Western Kentucky,11,7,4,.636,5.12,0.82,0,0,5,0,1,2,884,798,,71.6,99.0,.227,.375,.504,49.1,45.3,8.1,7.0,.476,15.2,30.5,.164
343,Western Michigan,12,7,5,.583,-8.43,-4.23,0,0,5,1,2,2,881,854,,69.7,99.1,.349,.370,.513,51.1,40.8,7.9,8.9,.485,15.8,28.0,.227
344,Wichita State,11,10,1,.909,16.68,1.87,0,0,8,0,1,0,843,680,,73.0,84.7,.351,.362,.473,45.6,47.4,8.2,9.3,.440,20.2,24.4,.224
345,William & Mary,13,8,5,.615,-3.25,-3.33,0,0,4,0,4,4,955,894,,70.3,97.8,.261,.331,.497,45.8,43.2,9.7,10.7,.466,12.4,21.5,.185
346,Winthrop,13,6,7,.462,0.71,1.25,0,0,4,2,2,5,1017,935,,73.7,97.6,.378,.398,.530,46.2,54.5,9.8,10.5,.500,17.8,24.9,.250
347,Wisconsin,11,6,5,.545,12.04,6.32,1,1,6,0,0,2,764,701,,64.8,97.2,.255,.324,.514,47.8,45.6,7.9,9.6,.488,16.1,24.0,.178
348,Wofford,13,8,5,.615,-0.58,-1.49,0,0,5,1,3,4,971,892,,65.7,104.4,.330,.377,.553,51.3,54.6,8.4,8.8,.522,16.3,29.4,.235
349,Wright State,13,10,3,.769,3.09,-5.64,0,0,5,2,3,0,1050,898,,73.5,92.2,.198,.342,.483,47.7,35.2,7.0,6.9,.461,17.1,27.9,.137
350,Wyoming,13,4,9,.308,-6.99,-0.53,0,2,3,6,1,1,769,853,,65.8,97.8,.314,.424,.504,54.9,48.7,10.0,10.2,.486,15.5,26.7,.186
351,Xavier,13,11,2,.846,13.49,3.72,0,0,8,0,1,1,955,828,,70.3,88.1,.310,.349,.477,47.0,45.9,9.0,7.1,.437,18.9,26.8,.221
352,Yale,13,10,3,.769,8.99,1.40,0,0,3,0,5,3,955,807,,68.0,86.3,.238,.392,.457,46.7,50.2,11.1,9.1,.419,16.1,22.5,.178
353,Youngstown State,13,7,6,.538,-6.56,-3.74,0,0,6,1,1,5,921,878,,70.4,95.9,.276,.351,.505,47.1,50.0,7.5,6.8,.475,16.8,26.6,.191