Rk,School,G,W,L,W-L%,SRS,SOS,W,L,W,L,W,L,Tm.,Opp.,,Pace,ORtg,FTr,3PAr,TS%,TRB%,AST%,STL%,BLK%,eFG%,TOV%,ORB%,FT/FGA
1,North Florida,14,7,7,.500,-1.31,2.69,0,0,5,0,1,6,1111,1075,,72.8,108.9,.256,.544,.569,50.2,60.6,8.0,6.0,.537,17.1,30.7,.202
2,VMI,13,5,8,.385,-7.57,-4.17,0,1,4,2,0,5,949,823,,65.5,108.5,.226,.515,.559,50.6,64.4,12.0,8.1,.536,15.5,28.9,.166
3,Fresno State,12,4,8,.333,3.06,1.97,0,2,3,2,1,5,861,804,,65.6,104.9,.301,.510,.530,53.3,51.2,8.5,11.4,.504,16.0,32.3,.206
4,Saint Joseph's,12,3,9,.250,-5.06,5.03,0,0,2,3,1,3,859,980,,73.7,97.2,.284,.499,.491,47.1,54.4,7.4,6.5,.458,14.8,27.7,.200
5,Wofford,13,8,5,.615,-0.58,-1.49,0,0,5,1,3,4,971,892,,65.7,113.7,.253,.494,.586,48.7,54.7,9.4,8.3,.560,14.5,27.2,.195
6,Quinnipiac,10,5,5,.500,-7.09,-7.29,0,0,3,1,1,3,724,722,,69.2,104.6,.276,.493,.556,49.3,57.0,7.2,8.9,.526,15.7,25.6,.205
7,Colgate,13,9,4,.692,-1.64,-2.22,0,0,5,0,3,4,974,928,,69.2,107.3,.173,.491,.563,49.6,51.2,7.9,7.4,.541,15.5,25.8,.136
8,Rice,12,8,4,.667,-3.24,-0.34,0,0,4,1,2,2,909,880,,74.2,102.1,.359,.491,.553,50.7,56.7,8.3,6.9,.524,17.8,25.3,.248
9,Northern Colorado,11,7,4,.636,5.07,-2.16,0,0,4,0,1,3,844,668,,67.6,112.2,.315,.486,.572,52.9,49.5,8.9,4.7,.552,14.5,28.3,.210
10,Long Island University,12,4,8,.333,-6.17,-0.75,0,0,1,2,2,5,908,973,,76.4,98.0,.334,.485,.550,44.3,52.1,9.0,8.8,.522,17.8,18.3,.230
11,North Dakota State,13,8,5,.615,-1.36,-3.36,0,0,4,1,3,3,899,835,,66.6,103.8,.308,.484,.529,51.9,52.5,7.9,5.3,.492,13.1,24.5,.229
12,Ball State,13,7,6,.538,5.27,-2.90,0,0,3,3,2,1,937,795,,69.7,103.4,.293,.479,.541,52.1,57.4,10.5,9.4,.521,16.5,28.9,.191
13,Syracuse,12,7,5,.583,11.51,3.76,1,1,6,2,1,1,884,791,,68.0,108.3,.371,.478,.558,48.5,71.4,11.8,14.5,.525,15.4,28.3,.261
14,Detroit Mercy,12,2,10,.167,-12.83,0.34,0,0,1,3,0,6,801,959,,71.3,93.6,.314,.477,.494,47.3,46.7,8.6,8.1,.443,16.8,27.0,.249
15,Northern Kentucky,12,8,4,.667,3.62,0.52,0,0,5,1,3,3,894,783,,71.2,102.5,.330,.475,.558,51.0,56.8,12.2,5.7,.537,18.7,27.7,.216
16,James Madison,11,7,4,.636,-5.41,-2.21,0,0,5,1,2,3,841,825,,76.1,100.5,.392,.474,.530,50.9,54.1,7.5,11.0,.502,16.4,25.5,.253
17,Alabama,11,6,5,.545,9.63,5.18,0,0,3,1,1,2,903,854,,79.1,103.8,.323,.472,.558,51.1,52.7,8.9,10.2,.529,18.4,29.4,.228
18,Merrimack,12,6,6,.500,-12.66,-4.21,0,0,2,0,3,5,744,743,,66.0,93.8,.221,.472,.495,42.8,54.0,15.6,8.0,.469,15.5,22.9,.156
19,Longwood,12,5,7,.417,-11.48,-7.68,0,0,4,1,1,6,825,816,,69.1,96.5,.310,.470,.520,49.1,45.3,8.4,5.1,.489,17.7,24.2,.216
20,Elon,13,4,9,.308,-11.45,-0.75,0,0,4,3,0,6,882,911,,70.2,95.8,.259,.470,.517,48.2,56.8,7.1,6.6,.486,16.5,21.5,.188
21,Binghamton,12,5,7,.417,-14.72,-3.54,0,0,4,1,1,6,836,938,,69.4,99.3,.200,.468,.512,48.1,46.5,5.9,7.5,.493,16.6,29.2,.135
22,San Francisco,14,11,3,.786,7.53,-0.86,0,0,7,1,3,2,1151,991,,71.5,114.0,.313,.467,.569,54.5,47.3,10.1,6.7,.539,14.7,33.0,.229
23,Virginia Tech,12,9,3,.750,11.66,1.99,1,1,7,1,1,0,873,757,,66.9,108.7,.234,.465,.564,50.4,60.1,8.5,10.2,.548,13.5,23.8,.156
24,Western Carolina,11,8,3,.727,1.47,-1.83,1,0,5,0,3,3,866,809,,72.1,106.7,.356,.464,.571,53.0,51.0,7.3,4.9,.542,18.0,31.7,.250
25,Notre Dame,12,8,4,.667,8.70,-2.05,0,2,8,1,0,2,896,767,,69.9,105.8,.283,.462,.522,50.2,68.2,9.1,10.2,.492,11.9,27.0,.201
26,Purdue-Fort Wayne,15,7,8,.467,-6.45,-1.86,0,0,6,1,1,7,1058,1032,,70.0,100.8,.235,.461,.531,51.4,50.9,10.7,7.4,.513,17.7,29.7,.154
27,New Mexico State,14,8,6,.571,3.12,1.81,0,0,4,1,1,3,928,865,,65.8,99.8,.299,.461,.524,54.8,52.1,9.4,5.5,.499,19.5,35.5,.197
28,Furman,14,11,3,.786,8.55,-1.63,1,0,6,0,4,3,1100,896,,69.7,111.8,.257,.460,.580,48.3,53.6,12.5,8.2,.560,14.0,24.9,.182
29,Clemson,12,6,6,.500,8.17,2.67,0,2,5,3,0,2,803,737,,67.7,97.8,.286,.459,.521,49.0,51.8,11.2,7.2,.492,16.8,24.7,.199
30,Illinois-Chicago,13,5,8,.385,-7.93,-0.18,0,0,4,3,0,5,857,947,,70.9,93.1,.309,.459,.516,47.7,61.3,8.4,9.4,.488,20.5,25.2,.207
31,Coppin State,13,4,9,.308,-8.37,0.70,0,0,1,1,3,8,899,1017,,76.2,89.9,.296,.459,.476,46.2,39.8,9.4,7.2,.443,16.0,23.4,.199
32,Texas,11,9,2,.818,8.28,2.19,0,0,6,0,1,1,739,672,,67.6,99.5,.222,.457,.529,49.3,55.6,9.2,10.0,.509,17.8,29.1,.150
33,Pennsylvania,10,6,4,.600,4.27,5.49,0,0,2,0,2,3,792,755,,75.0,105.6,.252,.455,.567,50.6,58.0,8.0,8.2,.552,16.8,24.7,.165
34,Northern Iowa,12,11,1,.917,10.39,1.59,0,0,7,0,3,0,933,764,,67.0,114.9,.278,.454,.597,55.2,43.8,6.3,4.7,.569,16.1,31.7,.214
35,Citadel,12,6,6,.500,-10.17,-0.62,0,1,3,3,3,3,1021,950,,78.3,105.4,.288,.454,.563,50.4,57.0,10.1,5.5,.539,16.9,27.6,.202
36,North Carolina-Greensboro,13,10,3,.769,10.70,0.87,1,0,7,2,3,1,908,732,,66.4,105.1,.235,.454,.511,52.9,50.9,11.5,16.4,.497,14.1,34.7,.141
37,Bryant,12,8,4,.667,-1.24,-4.78,0,0,4,1,4,3,892,804,,73.0,100.8,.255,.454,.521,51.7,54.6,11.4,11.8,.500,17.0,30.5,.168
38,George Washington,11,5,6,.455,-5.40,-4.31,0,0,3,3,0,2,745,757,,67.9,99.7,.335,.452,.528,48.2,50.2,7.4,9.1,.488,16.3,25.9,.248
39,Villanova,11,9,2,.818,15.41,5.23,0,0,5,0,1,1,860,748,,69.0,113.5,.274,.449,.583,53.4,58.8,9.0,9.1,.553,15.2,30.2,.211
40,Davidson,11,6,5,.545,9.34,4.16,0,0,3,0,2,1,772,715,,66.6,105.3,.237,.449,.567,48.3,48.9,9.3,5.7,.540,15.2,20.9,.181
41,Akron,12,9,3,.750,6.25,-1.65,0,0,7,0,1,2,906,760,,72.3,104.5,.354,.447,.552,51.9,56.6,7.2,8.1,.511,17.1,28.7,.267
42,Iona,6,2,4,.333,-5.46,-3.96,0,0,0,1,0,2,419,428,,69.1,97.0,.385,.447,.521,49.5,57.4,12.3,11.3,.476,19.3,30.6,.279
43,UC-Riverside,13,8,5,.615,-2.00,-5.91,0,0,6,1,2,4,846,737,,65.4,99.5,.261,.446,.538,55.0,55.5,7.8,6.7,.514,18.4,27.1,.180
44,California Baptist,12,8,4,.667,0.29,-6.89,0,0,7,2,1,2,983,848,,72.7,111.6,.360,.444,.577,54.1,54.9,5.0,7.7,.537,16.1,30.6,.278
45,Duquesne,11,10,1,.909,11.70,-2.85,0,0,5,0,0,0,818,658,,68.3,108.8,.316,.444,.573,53.7,53.8,12.0,17.0,.533,16.1,29.9,.251
46,Texas-Arlington,13,4,9,.308,3.19,7.01,0,2,3,2,1,6,910,901,,70.1,99.8,.300,.444,.515,49.3,57.0,7.6,8.5,.476,15.1,27.0,.224
47,Vanderbilt,11,7,4,.636,5.00,-3.36,0,0,7,2,0,1,873,781,,71.2,110.2,.381,.442,.579,51.1,52.3,11.5,12.8,.556,16.5,29.2,.255
48,Lafayette,10,7,3,.700,-1.30,-3.85,0,0,4,1,3,2,744,681,,68.2,109.1,.224,.441,.608,51.3,59.5,7.5,10.7,.587,18.7,24.2,.172
49,Vermont,13,8,5,.615,5.92,0.92,0,0,4,1,3,3,874,765,,66.8,100.6,.294,.441,.510,50.7,52.7,8.9,12.1,.478,15.1,27.7,.206
50,Belmont,12,8,4,.667,5.91,-4.18,0,0,5,0,3,3,978,818,,75.4,108.1,.205,.440,.575,51.6,58.9,9.7,9.4,.559,16.1,24.8,.145
51,Florida International,12,9,3,.750,0.72,-8.51,0,0,5,0,3,2,1009,845,,78.4,107.2,.293,.440,.580,48.2,55.6,13.7,17.2,.561,18.5,29.4,.199
52,North Texas,12,5,7,.417,6.35,4.62,0,0,4,2,1,3,792,734,,65.0,101.5,.260,.440,.556,53.4,50.0,10.3,7.9,.531,20.9,33.3,.188
53,Winthrop,13,6,7,.462,0.71,1.25,0,0,4,2,2,5,1017,935,,73.7,106.2,.287,.438,.540,53.8,54.8,8.1,7.3,.526,16.5,33.9,.176
54,Ohio,12,8,4,.667,0.31,0.61,0,0,5,1,2,1,877,803,,68.3,107.0,.285,.437,.574,51.9,61.8,9.8,7.9,.553,17.3,27.8,.196
55,Wisconsin,11,6,5,.545,12.04,6.32,1,1,6,0,0,2,764,701,,64.8,106.0,.331,.437,.555,52.2,48.7,7.8,10.7,.513,15.3,27.4,.259
56,Florida Gulf Coast,14,3,11,.214,-15.28,-2.53,0,0,3,5,0,6,856,973,,69.9,86.7,.259,.437,.473,48.0,60.7,9.5,12.8,.440,20.9,29.6,.182
57,Brigham Young,14,10,4,.714,17.33,8.02,0,0,5,1,1,2,1089,933,,69.5,109.9,.222,.436,.598,50.3,59.2,7.2,4.4,.584,15.9,19.9,.156
58,Northeastern,12,6,6,.500,0.43,-4.73,0,0,2,2,3,2,864,802,,65.8,109.4,.261,.436,.604,51.5,52.1,11.4,6.4,.572,18.8,27.1,.214
59,Princeton,11,3,8,.273,-5.54,0.28,0,0,0,4,1,3,794,858,,68.5,104.2,.317,.434,.547,50.9,50.7,8.4,4.9,.517,16.6,29.3,.223
60,Texas Christian,11,8,3,.727,10.80,0.70,0,0,7,2,0,0,796,674,,69.0,103.6,.218,.434,.527,52.4,62.3,13.8,14.1,.512,16.1,33.7,.139
61,Texas A&M-Corpus Christi,12,4,8,.333,-11.56,-3.66,0,2,3,3,1,5,743,784,,65.5,94.5,.296,.434,.518,51.9,54.8,7.6,6.4,.490,20.8,31.3,.200
62,Minnesota,11,6,5,.545,16.20,8.20,1,1,5,1,0,3,801,713,,68.9,105.8,.253,.433,.548,53.2,60.8,7.9,13.4,.530,17.1,31.9,.167
63,Miami (OH),12,6,6,.500,-5.03,-2.57,0,0,4,2,1,2,865,857,,71.3,101.1,.230,.433,.516,48.7,48.4,6.9,8.0,.484,14.4,25.9,.176
64,Toledo,12,8,4,.667,3.09,-5.36,0,0,5,1,3,3,953,801,,71.6,109.8,.410,.432,.562,52.6,60.4,10.6,10.2,.522,15.8,31.6,.300
65,Creighton,12,10,2,.833,12.28,3.45,0,0,8,0,1,1,935,829,,70.9,108.7,.281,.432,.573,50.1,52.1,9.3,5.9,.548,15.0,24.5,.203
66,Stony Brook,14,8,6,.571,-0.86,-1.09,0,0,3,1,3,5,972,922,,68.7,99.3,.296,.432,.521,52.7,48.7,8.5,14.9,.488,18.5,31.4,.211
67,Manhattan,9,4,5,.444,-9.53,-6.20,0,0,2,1,2,4,542,572,,67.6,87.8,.318,.431,.468,48.1,58.6,11.8,9.3,.436,18.3,27.5,.205
68,Dayton,12,10,2,.833,20.86,3.36,0,0,7,0,0,0,1005,795,,68.6,119.6,.301,.429,.633,52.7,63.3,8.2,9.3,.619,16.2,28.5,.209
69,Evansville,13,9,4,.692,-3.93,-3.35,0,0,5,1,3,1,1015,1004,,71.4,105.3,.409,.429,.572,47.1,53.3,6.3,5.8,.532,16.4,21.4,.303
70,Dartmouth,13,7,6,.538,-4.46,-6.04,0,0,3,1,3,4,885,817,,67.0,99.8,.267,.429,.539,52.0,52.6,6.9,9.0,.522,16.4,22.4,.170
71,Cornell,10,1,9,.100,-8.47,-3.47,0,0,1,2,0,7,650,700,,65.4,98.2,.251,.429,.500,49.2,56.9,10.3,6.8,.467,15.2,29.7,.184
72,Wyoming,13,4,9,.308,-6.99,-0.53,0,2,3,6,1,1,769,853,,65.8,88.2,.315,.429,.512,45.1,46.3,6.0,6.6,.479,18.6,13.3,.221
73,Auburn,11,11,0,1.000,18.84,3.21,0,0,6,0,1,0,900,728,,72.5,111.7,.423,.428,.557,54.2,50.8,9.7,15.1,.531,15.5,35.5,.275
74,North Carolina-Asheville,11,6,5,.545,-3.52,-3.52,0,0,4,1,2,4,895,829,,73.5,109.4,.292,.428,.554,47.8,40.3,13.2,5.5,.536,14.2,29.9,.189
75,Kent State,12,10,2,.833,7.50,-4.60,0,0,7,0,2,0,975,785,,71.5,111.3,.278,.427,.559,51.8,52.6,10.6,14.0,.529,13.3,30.9,.206
76,La Salle,11,8,3,.727,2.84,-0.70,0,0,4,1,1,2,790,751,,71.2,98.5,.338,.427,.533,49.6,54.2,9.5,10.1,.502,18.0,27.0,.232
77,New Hampshire,12,6,6,.500,-8.48,-5.28,0,0,4,0,2,6,899,813,,72.8,101.9,.267,.424,.530,55.9,57.4,6.2,7.1,.513,17.4,32.3,.169
78,Hartford,13,6,7,.462,-12.87,-7.87,0,0,4,4,2,3,869,902,,71.4,93.6,.327,.424,.522,45.4,56.6,10.7,6.0,.486,18.7,20.7,.233
79,Massachusetts,12,6,6,.500,1.26,0.43,0,0,5,2,1,2,847,837,,69.5,100.5,.301,.423,.536,46.2,53.5,11.3,8.1,.512,16.8,25.6,.201
80,Bucknell,12,4,8,.333,-8.98,0.77,0,0,2,1,1,5,834,951,,72.0,96.5,.291,.423,.520,47.3,47.9,8.0,7.5,.484,17.6,26.3,.214
81,Campbell,11,8,3,.727,-5.36,-6.91,0,0,4,0,3,2,793,702,,69.6,102.5,.223,.422,.551,46.5,56.6,12.1,6.7,.522,16.1,23.5,.174
82,Texas-San Antonio,12,5,7,.417,-4.40,1.30,0,0,4,1,1,2,911,903,,75.0,101.3,.279,.422,.519,50.6,50.9,9.1,7.0,.483,15.3,29.2,.210
83,Navy,10,6,4,.600,-2.99,-4.10,0,0,5,1,1,3,618,577,,61.2,98.4,.375,.421,.506,55.4,57.2,7.5,5.7,.468,18.2,36.0,.257
84,Eastern Kentucky,12,3,9,.250,-16.88,-0.88,0,0,3,2,0,5,880,918,,79.1,92.7,.323,.421,.493,45.8,48.8,13.5,6.2,.452,18.1,27.0,.234
85,Air Force,13,6,7,.462,-3.08,-1.83,1,1,3,3,3,1,986,944,,68.0,111.5,.432,.420,.609,49.8,53.8,7.1,7.2,.569,16.3,20.4,.329
86,Alcorn State,10,4,6,.400,-13.57,5.76,0,0,4,0,0,6,786,717,,73.8,105.2,.238,.419,.532,53.0,53.7,12.9,8.9,.508,16.6,34.0,.170
87,Nevada,13,8,5,.615,8.44,4.05,1,0,4,2,1,2,992,935,,72.6,105.1,.312,.419,.555,51.4,55.8,7.0,9.4,.522,15.3,24.5,.231
88,Marquette,11,9,2,.818,13.02,3.39,0,0,6,0,1,1,840,734,,73.5,103.8,.434,.419,.562,52.9,58.4,7.0,12.6,.522,18.1,27.4,.311
89,Ohio State,12,11,1,.917,25.24,3.49,1,1,8,0,1,1,950,689,,67.9,116.7,.405,.418,.607,56.0,58.7,7.2,11.7,.576,16.7,34.1,.296
90,Southern Illinois,13,6,7,.462,-1.58,-3.08,0,0,5,1,0,4,836,790,,63.8,100.7,.331,.418,.551,45.9,59.0,10.0,5.9,.517,17.6,22.4,.243
91,Eastern Washington,11,7,4,.636,3.86,2.20,0,0,5,0,2,4,984,830,,79.7,112.2,.257,.417,.572,51.6,56.5,11.1,8.6,.553,14.8,30.3,.176
92,Yale,13,10,3,.769,8.99,1.40,0,0,3,0,5,3,955,807,,68.0,102.1,.327,.417,.564,53.3,61.3,8.6,10.6,.542,18.2,24.1,.220
93,Western Michigan,12,7,5,.583,-8.43,-4.23,0,0,5,1,2,2,881,854,,69.7,102.2,.439,.416,.526,48.9,45.8,8.1,5.8,.480,14.1,25.6,.312
94,Texas A&M,10,5,5,.500,-3.03,0.67,0,0,5,1,0,0,577,614,,66.7,86.5,.414,.416,.477,48.5,56.0,10.2,12.9,.433,20.0,26.7,.277
95,Richmond,12,10,2,.833,9.31,0.39,0,0,7,0,2,0,914,807,,67.6,110.4,.211,.415,.582,48.4,61.1,11.4,8.1,.557,14.5,23.2,.167
96,Louisiana Tech,12,9,3,.750,6.15,-5.45,0,0,7,0,2,3,938,736,,71.2,109.7,.281,.415,.556,51.8,54.2,11.6,7.0,.536,14.8,30.8,.190
97,Army,11,5,6,.455,-14.60,-7.50,0,0,3,2,2,4,769,803,,71.8,96.2,.286,.415,.541,49.1,63.7,8.8,4.1,.535,18.6,21.0,.158
98,Chattanooga,13,8,5,.615,-3.34,-1.76,0,1,4,0,2,5,913,884,,68.7,101.3,.261,.414,.525,49.8,54.1,7.2,4.2,.502,16.0,28.3,.177
99,Jacksonville,14,7,7,.500,-4.05,-2.64,0,0,3,1,3,4,943,928,,68.7,96.3,.333,.414,.513,52.3,50.8,7.6,5.9,.484,17.9,26.7,.221
100,Liberty,14,14,0,1.000,10.32,-4.26,0,0,6,0,2,0,1003,723,,62.8,114.1,.345,.413,.595,54.8,54.7,8.3,10.4,.570,14.4,25.8,.246
101,Arkansas,11,10,1,.909,16.44,0.81,0,0,8,0,1,1,826,654,,72.6,101.1,.355,.413,.552,48.7,50.2,13.3,13.3,.513,16.8,21.9,.264
102,Northwestern State,10,3,7,.300,-17.38,-0.13,1,1,3,1,0,6,665,769,,72.8,91.3,.261,.413,.505,48.1,49.4,8.2,10.7,.477,20.1,27.2,.181
103,Penn State,12,10,2,.833,16.19,3.10,1,1,8,0,1,1,955,798,,74.3,107.1,.321,.412,.542,52.9,56.4,12.6,17.1,.514,15.1,31.9,.223
104,Boise State,13,8,5,.615,5.55,2.46,1,1,5,1,1,3,1021,907,,70.7,107.0,.368,.412,.561,50.8,51.6,8.3,3.6,.524,14.6,23.8,.270
105,Buffalo,12,8,4,.667,0.68,-0.96,0,0,4,2,1,1,967,912,,75.9,106.1,.272,.412,.532,52.2,57.9,12.2,9.6,.517,16.1,36.2,.168
106,Tennessee Tech,12,3,9,.250,-14.54,0.86,0,0,2,3,1,4,745,847,,69.0,89.1,.188,.412,.487,49.0,51.4,9.7,8.0,.470,20.7,28.7,.121
107,Missouri,11,7,4,.636,10.14,1.96,0,0,5,1,1,1,725,635,,66.6,97.8,.324,.411,.523,53.7,50.2,10.4,9.5,.483,19.2,30.9,.240
108,Albany (NY),14,6,8,.429,-8.37,-5.14,0,0,4,2,0,6,934,950,,70.4,94.8,.363,.410,.526,50.4,60.6,7.3,8.9,.489,18.2,24.1,.253
109,Robert Morris,13,4,9,.308,-10.57,-3.16,0,0,2,1,1,8,886,935,,69.0,98.7,.225,.409,.504,48.6,62.5,10.5,4.3,.486,16.8,31.4,.145
110,Maine,12,3,9,.250,-16.04,-1.49,0,0,1,2,1,7,688,808,,65.2,88.0,.261,.409,.499,52.5,69.8,9.6,10.3,.475,22.6,28.3,.173
111,Florida Atlantic,12,8,4,.667,-4.79,-6.13,0,0,7,1,1,3,879,802,,70.9,102.2,.341,.408,.533,53.7,47.7,11.2,6.6,.506,17.5,33.0,.227
112,Maryland-Baltimore County,14,6,8,.429,-9.00,-0.73,0,0,5,1,1,5,976,945,,70.3,99.2,.350,.408,.523,49.8,55.8,7.9,5.3,.502,17.4,28.1,.216
113,Maryland-Eastern Shore,14,1,13,.071,-20.43,3.19,0,0,1,1,0,12,755,1016,,69.7,77.4,.205,.408,.435,43.4,45.5,12.8,11.1,.416,20.6,21.9,.123
114,Utah Valley,14,5,9,.357,-8.06,-3.39,0,0,2,3,3,6,979,987,,72.5,96.5,.257,.407,.522,50.3,46.9,7.6,13.6,.491,17.4,25.3,.190
115,San Jose State,13,3,10,.231,-9.40,5.68,0,2,2,5,1,4,854,1010,,73.4,89.5,.350,.407,.486,49.0,57.5,7.2,8.5,.448,19.3,28.5,.237
116,Oral Roberts,12,7,5,.583,4.62,2.62,0,0,6,0,1,5,945,810,,73.3,107.4,.338,.406,.521,54.8,46.3,9.3,6.2,.482,14.0,36.1,.246
117,Wagner,10,3,7,.300,-11.58,-0.02,0,0,2,1,1,6,734,808,,73.5,97.5,.384,.404,.512,49.7,57.5,8.5,6.9,.466,17.0,28.4,.279
118,Columbia,12,3,9,.250,-7.71,-0.79,0,0,2,0,0,8,785,868,,70.8,92.5,.191,.404,.491,47.4,50.2,6.9,8.0,.471,16.0,21.5,.128
119,Maryland,12,10,2,.833,19.52,6.18,1,1,7,0,0,2,896,736,,71.0,105.0,.384,.403,.519,55.4,50.8,8.0,14.8,.476,14.9,34.9,.275
120,Nevada-Las Vegas,13,5,8,.385,-0.32,1.14,1,0,4,4,1,3,891,910,,63.9,102.4,.337,.403,.530,54.5,49.8,7.1,8.9,.497,18.7,36.1,.238
121,Northern Illinois,13,7,6,.538,-2.39,-3.89,0,0,4,2,3,4,891,825,,68.2,100.6,.297,.403,.507,53.9,42.9,8.4,9.2,.479,15.7,31.6,.200
122,Tulane,12,8,4,.667,0.99,-4.26,0,0,5,0,1,0,876,813,,69.4,104.0,.380,.402,.544,46.9,49.8,12.6,6.5,.509,15.3,24.9,.267
123,Seton Hall,12,8,4,.667,17.30,6.80,0,0,5,1,1,2,897,771,,72.3,103.3,.317,.402,.539,50.5,53.4,11.8,15.9,.512,16.6,29.2,.217
124,Hawaii,13,8,5,.615,2.12,2.37,0,0,8,3,0,2,909,895,,71.0,98.5,.320,.402,.537,49.9,58.6,8.0,5.9,.505,18.6,27.8,.228
125,East Tennessee State,13,11,2,.846,8.24,-1.12,1,0,7,0,4,2,1023,835,,69.3,113.5,.370,.401,.582,54.6,52.9,12.2,13.1,.556,16.2,35.8,.255
126,North Dakota,13,6,7,.462,-5.90,1.50,0,0,3,0,2,6,1003,928,,72.0,107.2,.269,.400,.576,54.4,53.8,6.5,6.7,.545,18.2,29.7,.210
127,Loyola (MD),11,7,4,.636,-6.82,-7.72,0,0,3,0,3,4,792,756,,70.5,101.0,.376,.400,.540,46.6,66.1,10.5,7.8,.520,15.6,23.0,.233
128,Nebraska,12,5,7,.417,0.92,3.09,1,1,3,3,0,3,896,922,,72.6,98.8,.336,.399,.519,43.3,53.2,7.8,6.6,.505,14.3,21.2,.193
129,William & Mary,13,8,5,.615,-3.25,-3.33,0,0,4,0,4,4,955,894,,70.3,104.5,.297,.398,.562,54.2,52.5,7.0,9.9,.536,16.1,25.4,.212
130,Idaho State,9,3,6,.333,-8.59,-0.45,0,0,2,1,1,5,636,602,,67.5,103.2,.369,.398,.564,52.7,51.7,9.4,5.6,.551,19.4,31.1,.223
131,Troy,13,5,8,.385,-7.98,-3.16,1,1,4,3,1,5,924,899,,71.2,98.9,.286,.397,.495,50.1,59.0,9.0,7.9,.466,16.3,32.8,.192
132,Mount St. Mary's,12,3,9,.250,-9.22,-1.40,0,0,2,2,1,7,739,808,,66.0,92.4,.287,.397,.471,49.6,46.4,8.0,7.9,.436,15.8,29.0,.200
133,Georgia Southern,13,8,5,.615,-1.59,0.14,2,0,6,0,1,4,1017,952,,75.6,103.5,.325,.396,.529,48.0,43.6,12.2,10.8,.497,14.3,27.0,.227
134,Temple,11,8,3,.727,14.10,3.46,0,0,4,1,2,0,802,685,,72.4,100.8,.309,.396,.517,52.3,59.1,11.6,9.3,.490,15.1,27.3,.207
135,Utah,12,9,3,.750,11.14,1.22,0,0,5,0,1,1,951,832,,71.2,110.2,.399,.395,.593,54.3,55.9,6.5,6.7,.557,17.2,28.7,.297
136,Baylor,10,9,1,.900,18.52,2.52,0,0,5,0,0,0,766,606,,70.0,109.4,.301,.394,.539,53.6,56.2,12.9,14.4,.510,14.6,36.8,.211
137,Tennessee State,13,8,5,.615,-1.59,-2.50,0,0,5,0,1,5,976,917,,72.4,103.7,.336,.394,.566,55.4,52.8,7.8,11.7,.550,20.8,34.7,.212
138,Brown,10,5,5,.500,-6.85,-4.25,0,0,4,1,1,4,695,721,,71.1,97.7,.292,.394,.503,54.4,52.2,9.7,12.6,.469,19.0,37.8,.208
139,Boston College,13,8,5,.615,3.19,1.03,2,0,5,4,2,1,879,851,,72.0,93.9,.314,.394,.507,47.0,56.9,12.6,7.6,.475,18.1,24.6,.215
140,Weber State,11,4,7,.364,-11.49,5.01,0,0,3,1,1,2,791,756,,70.4,102.1,.302,.393,.550,51.4,51.7,7.7,10.6,.531,16.5,25.1,.196
141,Michigan,12,9,3,.750,18.83,6.83,1,1,6,1,0,2,941,797,,70.3,110.4,.258,.392,.589,50.9,54.2,7.6,10.8,.566,15.5,25.7,.190
142,Sacred Heart,12,7,5,.583,-4.87,-6.23,0,0,2,0,4,4,951,892,,74.5,106.4,.285,.392,.547,52.9,55.1,7.9,8.3,.507,17.2,34.5,.230
143,Jacksonville State,12,4,8,.333,-8.35,-2.54,0,0,3,1,0,6,842,836,,70.3,98.8,.265,.391,.527,52.1,51.1,10.0,7.2,.510,18.4,29.6,.168
144,Drexel,13,7,6,.538,-3.93,-0.68,0,0,5,1,0,5,905,911,,70.0,98.5,.329,.390,.536,52.0,61.6,8.4,9.4,.508,20.5,31.9,.225
145,Central Arkansas,12,3,9,.250,-13.56,4.44,2,0,3,1,0,7,864,1042,,78.0,89.5,.437,.390,.503,47.5,56.1,6.0,14.2,.461,21.0,25.0,.293
146,Radford,11,4,7,.364,2.77,4.67,0,0,2,1,1,5,757,725,,65.5,105.1,.290,.389,.524,50.7,51.1,8.2,7.2,.502,14.3,31.1,.189
147,Iowa State,11,7,4,.636,13.98,3.25,0,0,6,1,0,1,895,777,,74.7,108.9,.285,.387,.553,48.0,56.6,11.6,14.4,.526,13.1,27.0,.203
148,Tennessee-Martin,10,3,7,.300,-13.05,2.62,0,0,1,1,1,4,758,841,,70.2,108.0,.285,.387,.543,46.7,39.9,7.3,7.7,.515,14.5,31.4,.203
149,Norfolk State,14,4,10,.286,-11.22,-2.22,0,0,3,2,0,7,941,901,,69.0,96.5,.300,.387,.508,50.8,52.7,11.9,7.0,.475,18.3,30.6,.211
150,South Florida,12,6,6,.500,3.91,0.83,0,0,5,2,0,0,773,736,,66.3,96.1,.348,.387,.506,53.9,41.5,13.3,7.8,.485,20.0,34.8,.209
151,Alabama State,12,1,11,.083,-17.02,3.40,0,0,0,0,0,8,685,930,,70.2,81.4,.290,.387,.459,42.3,43.2,9.6,5.9,.425,20.0,20.0,.195
152,Santa Clara,14,12,2,.857,1.29,-5.79,0,0,12,0,0,2,1112,935,,74.6,106.4,.337,.386,.582,51.4,62.5,9.4,11.1,.549,17.5,23.7,.254
153,Purdue,12,7,5,.583,13.70,3.53,1,1,5,1,1,2,806,684,,64.8,102.5,.268,.386,.502,55.2,57.4,10.2,12.3,.478,14.7,35.3,.177
154,Kansas State,11,6,5,.545,5.83,-1.08,0,0,5,1,1,0,732,656,,67.7,97.2,.346,.386,.523,49.7,64.6,13.7,8.5,.492,18.7,28.6,.235
155,McNeese State,12,5,7,.417,-6.39,3.11,0,1,5,1,0,6,994,859,,72.9,113.6,.355,.385,.624,51.6,56.5,10.1,13.2,.608,20.0,30.6,.244
156,North Alabama,12,5,7,.417,-11.21,-5.01,0,0,5,0,0,7,827,830,,70.7,97.5,.347,.385,.520,49.0,48.8,9.6,7.6,.490,18.1,28.5,.230
157,South Dakota State,15,9,6,.600,-1.24,-4.24,0,0,8,0,1,6,1114,1034,,70.1,104.2,.347,.384,.542,53.1,50.8,8.6,6.5,.511,17.0,32.1,.239
158,Virginia Commonwealth,12,9,3,.750,10.80,2.14,0,0,8,0,1,1,858,754,,70.5,101.4,.369,.384,.537,47.5,50.5,14.8,15.2,.496,16.8,27.8,.269
159,Colorado State,14,8,6,.571,4.19,3.90,0,2,4,3,1,2,1015,1011,,69.3,101.1,.391,.384,.551,50.3,57.2,9.3,5.1,.522,17.4,23.7,.263
160,Saint Mary's (CA),14,12,2,.857,14.14,2.91,0,0,7,1,1,0,1074,877,,64.6,117.6,.307,.383,.613,53.0,47.3,10.5,6.9,.587,13.7,27.0,.230
161,Drake,13,10,3,.769,0.49,-2.24,0,0,7,0,1,2,932,839,,70.0,102.4,.304,.383,.552,52.7,57.2,9.5,10.4,.526,17.4,26.8,.210
162,South Carolina Upstate,12,4,8,.333,-15.08,-0.48,0,0,3,1,1,7,798,885,,70.4,94.5,.302,.383,.496,47.2,48.4,8.6,6.7,.467,16.4,25.7,.201
163,Northern Arizona,9,6,3,.667,-4.77,0.23,0,0,3,1,2,2,680,605,,70.5,107.1,.328,.382,.551,51.9,54.5,10.4,7.6,.525,15.7,29.2,.223
164,Milwaukee,12,5,7,.417,-4.53,0.17,0,0,4,2,0,3,872,859,,71.2,99.0,.320,.380,.498,49.5,45.9,7.2,10.1,.467,15.3,30.1,.213
165,Gardner-Webb,12,4,8,.333,-6.94,2.56,0,0,2,1,0,7,803,860,,68.8,97.3,.326,.380,.510,48.4,54.1,8.4,13.4,.478,15.8,26.6,.221
166,Virginia,11,9,2,.818,10.27,2.55,2,0,6,1,1,1,597,512,,60.1,90.3,.252,.380,.480,54.1,49.3,9.8,16.4,.448,18.4,29.0,.180
167,Central Michigan,12,7,5,.583,-2.18,-3.63,0,0,7,0,0,5,1055,899,,78.4,112.2,.372,.379,.559,51.6,46.3,13.1,4.9,.524,12.9,29.7,.268
168,Michigan State,12,9,3,.750,21.44,5.27,2,0,4,1,2,0,968,774,,72.1,111.8,.357,.379,.570,57.2,68.2,7.5,12.6,.533,15.5,34.4,.267
169,Appalachian State,12,8,4,.667,2.47,-1.53,2,0,4,0,3,3,843,744,,69.6,100.8,.397,.379,.529,51.4,47.5,11.8,8.7,.502,16.3,28.3,.254
170,Iowa,12,9,3,.750,16.55,7.22,1,1,5,1,2,1,957,845,,71.6,111.4,.374,.378,.554,52.6,63.4,9.2,8.2,.516,14.5,33.4,.274
171,Charleston Southern,11,5,6,.455,-16.74,-0.64,0,0,3,1,2,4,680,813,,70.7,87.5,.283,.378,.461,44.7,48.6,9.3,5.2,.425,17.9,26.6,.195
172,Louisville,12,11,1,.917,18.74,0.49,2,0,9,0,1,0,920,701,,67.4,113.7,.333,.377,.588,55.7,55.8,7.3,7.8,.556,16.1,32.0,.249
173,Southern Methodist,11,9,2,.818,5.99,-4.20,0,0,7,1,2,1,843,731,,67.4,111.1,.340,.377,.561,55.7,60.1,9.2,8.9,.518,16.5,36.7,.267
174,Washington State,12,8,4,.667,3.15,-5.11,0,0,5,1,1,1,887,788,,72.4,102.1,.281,.377,.502,51.4,42.9,9.6,6.1,.466,13.2,30.6,.207
175,Stetson,14,5,9,.357,-13.08,-2.41,0,0,3,3,1,5,922,980,,66.7,98.8,.389,.377,.525,52.5,47.2,9.6,9.0,.493,19.0,32.6,.258
176,Harvard,12,8,4,.667,1.90,-3.19,0,0,4,0,3,1,881,768,,70.4,104.3,.324,.375,.547,53.4,45.6,10.9,14.2,.511,17.8,32.2,.239
177,Valparaiso,13,7,6,.538,0.64,-0.20,0,0,4,0,2,3,992,955,,73.3,103.1,.289,.375,.540,50.4,59.2,11.6,8.4,.516,17.1,30.0,.197
178,Nicholls State,13,7,6,.538,-3.45,2.99,1,1,5,0,1,5,1014,886,,75.3,102.6,.262,.375,.518,48.8,45.0,14.8,9.0,.486,15.9,33.1,.193
179,Bowling Green State,12,8,4,.667,0.86,-0.64,0,0,5,0,0,1,913,855,,72.7,102.5,.274,.375,.512,52.0,50.8,8.8,7.5,.478,13.0,28.5,.202
180,Delaware State,13,1,12,.077,-20.82,-2.48,0,0,1,4,0,7,932,1115,,76.5,93.7,.310,.375,.506,45.4,43.3,9.9,4.9,.469,17.5,23.6,.223
181,Holy Cross,12,1,11,.083,-17.11,-1.65,0,0,0,5,0,5,811,984,,71.2,93.0,.242,.375,.509,48.1,51.0,6.9,5.6,.490,19.3,27.6,.155
182,Pepperdine,13,7,6,.538,0.77,0.24,0,0,5,1,2,2,1025,1018,,72.8,108.4,.330,.374,.563,48.1,55.6,9.2,9.0,.511,16.0,29.8,.281
183,Portland,15,8,7,.533,-7.40,-5.09,0,0,6,2,2,1,1025,983,,70.0,97.5,.370,.374,.543,47.1,61.6,8.3,10.4,.516,18.4,22.6,.244
184,Montana State,11,6,5,.545,-4.79,-0.46,0,0,3,1,1,4,768,738,,69.3,100.8,.334,.373,.570,50.9,50.7,9.3,6.6,.543,20.0,22.6,.236
185,Middle Tennessee,12,4,8,.333,-11.80,3.20,0,0,3,2,1,3,892,907,,73.9,100.6,.307,.373,.530,50.2,56.0,9.5,9.4,.505,16.6,27.9,.204
186,Fordham,11,5,6,.455,-4.41,-6.51,0,0,4,4,0,0,683,660,,66.2,92.8,.315,.372,.482,48.9,52.4,11.7,9.5,.459,16.5,27.7,.190
187,Wichita State,11,10,1,.909,16.68,1.87,0,0,8,0,1,0,843,680,,73.0,105.0,.329,.371,.519,54.4,59.5,10.2,12.5,.483,14.0,33.8,.233
188,Lipscomb,12,5,7,.417,-5.26,-0.26,0,0,3,2,2,5,872,849,,73.0,99.5,.261,.371,.533,48.8,48.0,7.9,8.2,.510,17.4,26.6,.179
189,Eastern Michigan,11,9,2,.818,-4.50,-0.38,0,0,5,0,2,2,746,672,,68.5,98.9,.482,.371,.524,51.1,46.6,16.2,11.5,.491,19.0,32.4,.307
190,Texas-El Paso,13,9,4,.692,3.16,1.16,0,0,8,0,0,3,898,821,,70.1,98.6,.364,.371,.546,49.9,53.4,9.7,8.5,.506,19.0,25.1,.270
191,College of Charleston,12,6,6,.500,1.77,2.59,0,0,4,2,1,2,825,808,,68.1,101.0,.334,.370,.534,47.6,41.4,9.7,6.7,.496,15.9,24.4,.246
192,Colorado,12,10,2,.833,14.17,5.75,0,0,5,1,1,1,834,733,,69.5,99.0,.414,.370,.524,54.8,54.9,9.9,10.0,.474,18.5,33.6,.307
193,Marshall,12,5,7,.417,-1.41,-1.22,0,0,4,3,1,4,915,881,,77.2,98.8,.295,.370,.523,49.1,46.5,12.6,16.6,.501,18.1,29.5,.192
194,Houston Baptist,10,0,10,.000,-16.74,7.86,0,1,0,1,0,8,766,1012,,80.1,95.6,.288,.370,.511,45.2,48.4,7.5,4.0,.483,18.2,29.1,.196
195,Youngstown State,13,7,6,.538,-6.56,-3.74,0,0,6,1,1,5,921,878,,70.4,100.5,.305,.369,.495,52.9,45.1,9.6,7.2,.468,14.3,33.6,.197
196,Cal State Northridge,13,3,10,.231,-10.24,2.68,0,0,2,2,1,7,922,1042,,71.5,99.2,.290,.369,.523,46.0,53.3,8.3,7.7,.492,16.2,25.7,.205
197,Abilene Christian,12,7,5,.583,-4.22,-2.72,2,0,6,1,1,4,933,725,,71.5,107.6,.327,.368,.544,53.2,59.1,13.8,7.2,.506,15.5,32.9,.245
198,Florida State,12,10,2,.833,16.76,3.85,1,1,6,0,1,2,908,753,,69.8,107.3,.353,.368,.562,50.9,48.8,13.7,16.9,.524,16.5,31.8,.264
199,Louisiana,12,5,7,.417,-7.06,-1.79,0,2,4,1,0,5,882,912,,74.1,98.1,.401,.368,.525,49.1,41.3,9.9,6.4,.483,17.5,27.8,.283
200,Marist,9,1,8,.111,-16.74,-7.74,0,1,0,4,1,4,516,597,,65.0,85.9,.235,.368,.443,48.8,39.2,9.8,9.2,.423,17.0,27.3,.139
201,Butler,12,11,1,.917,17.88,3.55,0,0,7,0,1,1,833,661,,63.5,109.3,.332,.367,.577,54.1,57.5,8.1,8.4,.550,14.8,28.0,.236
202,Mississippi Valley State,13,1,12,.077,-34.75,0.75,0,0,1,0,0,12,869,1241,,80.6,82.9,.159,.365,.434,43.3,39.7,8.9,6.0,.422,16.3,25.2,.089
203,Utah State,14,12,2,.857,15.72,1.41,2,0,7,0,1,1,1098,867,,69.3,111.1,.371,.364,.558,56.8,59.3,9.1,8.1,.514,14.7,33.4,.285
204,St. Bonaventure,12,8,4,.667,1.27,-2.55,0,0,4,2,2,2,812,745,,66.1,102.4,.269,.364,.526,51.7,54.8,8.6,11.4,.491,16.6,31.4,.205
205,Alabama A&M,10,3,7,.300,-14.93,-1.03,0,0,3,0,0,7,677,816,,71.6,93.4,.246,.364,.488,42.9,43.8,9.7,5.7,.456,13.9,21.7,.179
206,San Diego,14,6,8,.429,-1.01,0.64,0,0,4,2,2,3,923,946,,71.2,91.8,.283,.364,.500,49.7,50.7,8.3,8.5,.472,18.1,24.4,.191
207,Monmouth,11,6,5,.545,-7.17,-2.07,0,0,3,0,2,4,721,777,,70.4,93.2,.287,.363,.504,45.8,57.7,10.3,7.3,.464,17.8,24.3,.216
208,Delaware,13,10,3,.769,0.60,-4.74,0,0,4,0,2,2,981,871,,69.5,107.6,.275,.362,.582,50.3,47.1,8.4,8.5,.557,16.1,21.6,.201
209,Mississippi,11,8,3,.727,7.02,0.38,0,0,6,1,0,1,792,719,,70.2,102.5,.376,.362,.547,52.0,64.6,11.5,7.7,.514,17.5,28.4,.262
210,Oklahoma,11,8,3,.727,9.83,5.55,0,0,4,0,1,2,813,766,,72.3,102.3,.296,.362,.520,48.6,43.8,8.7,11.5,.477,12.1,22.0,.232
211,Niagara,10,2,8,.200,-13.24,-0.84,0,0,1,1,1,7,679,803,,69.5,96.4,.242,.362,.527,40.7,49.0,9.1,5.2,.493,15.7,17.9,.189
212,IUPUI,13,4,9,.308,-14.95,-0.04,0,0,3,1,1,6,848,975,,71.0,91.9,.280,.362,.490,48.3,47.6,10.1,6.9,.471,18.8,28.3,.169
213,Hofstra,13,9,4,.692,-0.94,-5.52,0,0,4,1,3,3,1004,907,,72.6,106.4,.345,.361,.537,51.1,47.0,11.0,5.6,.489,14.7,31.0,.270
214,Central Florida,12,9,3,.750,4.80,-1.21,0,0,6,1,1,1,859,787,,69.9,102.4,.290,.361,.514,52.8,55.1,8.8,9.4,.485,16.1,34.4,.199
215,North Carolina-Wilmington,13,5,8,.385,-11.10,1.80,0,0,4,3,0,4,948,941,,71.8,100.5,.288,.361,.550,50.4,52.7,8.2,6.6,.528,18.4,25.9,.194
216,San Diego State,12,12,0,1.000,21.74,3.10,2,0,6,0,3,0,924,675,,67.5,114.1,.265,.359,.560,55.8,57.6,10.1,11.4,.535,13.7,34.9,.190
217,Georgia,11,8,3,.727,8.35,1.75,0,0,7,0,1,1,908,839,,75.2,107.3,.320,.359,.546,53.1,50.7,11.5,9.6,.522,16.7,35.4,.213
218,Indiana State,11,7,4,.636,4.24,2.64,0,0,4,0,1,2,805,782,,68.8,105.2,.401,.358,.570,49.9,52.4,8.5,7.8,.534,16.2,23.5,.290
219,Providence,13,7,6,.538,6.82,-0.25,0,0,6,1,0,2,945,853,,72.4,100.4,.346,.358,.499,52.1,66.7,13.6,11.3,.468,16.2,34.1,.226
220,Boston University,12,5,7,.417,-5.13,-1.41,0,0,3,1,2,4,833,846,,68.7,100.0,.264,.358,.517,49.7,44.0,8.0,4.9,.495,15.4,28.1,.173
221,NJIT,12,3,9,.250,-12.81,-4.63,0,0,2,2,1,7,806,868,,70.4,95.4,.315,.358,.490,49.8,43.7,8.3,8.2,.454,15.1,27.0,.220
222,Sam Houston State,12,8,4,.667,-2.57,-3.07,2,0,7,0,1,4,986,846,,77.1,104.3,.270,.357,.549,52.3,58.4,12.1,10.5,.514,16.2,30.5,.211
223,Northwestern,11,5,6,.455,4.69,2.42,0,2,3,3,1,2,744,719,,67.6,100.0,.314,.357,.525,50.0,58.7,7.5,7.2,.484,15.6,25.0,.238
224,Oklahoma State,11,8,3,.727,13.90,7.44,0,0,4,2,2,0,782,711,,71.3,99.7,.337,.357,.523,50.3,48.4,11.1,13.7,.483,16.6,28.7,.248
225,Oregon,12,10,2,.833,21.06,8.81,0,0,7,0,1,0,946,799,,68.0,113.6,.330,.356,.582,52.6,49.9,10.3,8.0,.560,15.7,33.8,.225
226,Seattle,14,7,7,.500,-7.61,-3.52,0,0,5,2,0,4,1004,985,,72.6,98.7,.337,.356,.501,51.3,43.1,8.3,7.7,.454,13.8,29.0,.255
227,Florida,11,7,4,.636,13.06,7.61,0,0,3,1,0,2,748,688,,67.2,101.2,.354,.354,.522,52.2,44.3,9.1,10.9,.484,15.8,31.1,.253
228,Fairleigh Dickinson,11,2,9,.182,-13.33,-0.43,0,0,2,1,0,8,739,819,,68.6,98.0,.282,.354,.511,44.9,40.6,9.2,10.5,.479,15.6,26.1,.201
229,Xavier,13,11,2,.846,13.49,3.72,0,0,8,0,1,1,955,828,,70.3,101.6,.332,.353,.523,53.0,53.9,10.0,9.8,.494,16.9,32.4,.225
230,Cincinnati,12,7,5,.583,9.56,4.81,0,0,5,1,0,2,887,830,,71.2,100.7,.422,.353,.534,52.3,54.2,8.4,11.0,.499,17.9,29.9,.283
231,North Carolina State,12,9,3,.750,12.88,1.79,1,1,7,1,2,1,981,848,,72.7,111.2,.291,.352,.568,50.1,47.4,11.7,12.6,.540,14.4,28.6,.212
232,UC-Santa Barbara,13,9,4,.692,0.04,-4.38,0,0,6,1,3,3,944,872,,65.0,110.5,.363,.352,.564,54.9,54.5,6.7,8.2,.525,15.7,34.4,.273
233,Miami (FL),11,8,3,.727,7.90,3.81,0,1,4,1,2,0,832,787,,69.5,108.8,.259,.352,.562,46.0,42.9,9.0,10.3,.540,13.7,23.7,.179
234,UC-Davis,14,5,9,.357,-6.02,-1.09,0,0,3,0,1,7,981,999,,67.8,101.6,.307,.352,.560,47.9,52.1,8.1,5.5,.520,17.9,22.4,.243
235,Texas Tech,11,8,3,.727,13.47,0.75,0,0,6,0,0,1,841,701,,71.7,104.2,.384,.351,.551,54.7,61.5,10.2,8.6,.502,17.1,30.0,.297
236,Arizona State,12,8,4,.667,9.65,3.15,0,0,5,1,2,0,876,798,,74.4,98.2,.336,.351,.508,48.6,41.1,11.5,8.3,.472,14.8,25.1,.233
237,Howard,13,2,11,.154,-23.07,-2.71,0,0,1,4,1,6,883,1052,,71.7,93.9,.319,.351,.493,45.4,52.9,8.1,6.3,.461,16.0,25.0,.214
238,Southeastern Louisiana,11,3,8,.273,-13.33,-1.08,0,1,3,1,0,6,772,851,,74.2,93.5,.241,.351,.494,46.7,47.8,10.2,5.3,.477,18.6,30.5,.147
239,Wright State,13,10,3,.769,3.09,-5.64,0,0,5,2,3,0,1050,898,,73.5,107.8,.324,.350,.540,52.3,44.4,9.5,7.5,.511,13.8,31.0,.226
240,Connecticut,11,8,3,.727,11.82,0.37,0,0,6,1,0,0,823,697,,70.5,103.8,.355,.350,.534,51.6,51.7,9.8,17.1,.495,16.7,32.2,.256
241,Towson,12,6,6,.500,1.04,2.04,0,0,3,1,1,2,843,785,,67.3,102.2,.319,.350,.517,53.1,45.3,10.2,9.5,.479,15.9,32.7,.233
242,South Alabama,12,6,6,.500,-1.69,0.82,0,2,4,3,0,2,914,882,,69.4,108.7,.378,.349,.568,49.5,44.4,10.8,13.8,.529,15.3,28.0,.283
243,American,10,4,6,.400,-5.76,-5.66,0,0,2,2,2,4,737,738,,70.3,104.8,.289,.347,.554,48.7,47.4,10.1,9.3,.532,16.5,26.5,.195
244,Oakland,13,5,8,.385,-2.86,1.89,0,0,2,1,1,5,813,842,,66.4,93.3,.390,.347,.501,52.8,55.5,8.7,7.6,.460,18.9,29.2,.267
245,Fairfield,10,3,7,.300,-4.67,-0.27,0,0,0,3,2,2,611,655,,64.4,91.5,.250,.346,.495,49.9,44.5,9.7,7.2,.467,18.3,25.4,.172
246,Presbyterian,12,2,10,.167,-19.76,-3.31,0,0,1,2,1,6,734,887,,66.9,90.5,.232,.346,.485,46.8,49.1,9.5,6.2,.460,18.5,26.2,.155
247,Tennessee,11,8,3,.727,14.01,2.28,0,0,6,1,0,1,758,629,,67.9,101.5,.353,.345,.530,53.1,65.8,9.6,14.6,.485,16.8,30.0,.268
248,Illinois State,12,5,7,.417,-2.58,1.42,0,0,5,1,0,3,823,848,,69.6,98.6,.237,.345,.525,49.6,48.2,7.8,8.7,.506,17.7,29.3,.158
249,Morehead State,12,5,7,.417,-9.29,-5.02,0,0,4,1,1,6,822,821,,68.8,97.5,.286,.345,.510,50.8,51.6,9.7,11.9,.492,16.6,28.6,.175
250,Chicago State,14,4,10,.286,-26.27,-1.54,0,0,3,3,1,5,957,1161,,74.5,91.7,.369,.345,.525,47.5,47.0,8.1,7.7,.484,21.5,26.0,.267
251,Western Kentucky,11,7,4,.636,5.12,0.82,0,0,5,0,1,2,884,798,,71.6,109.7,.376,.344,.595,50.9,45.5,8.3,12.1,.555,18.1,27.4,.294
252,Louisiana State,11,7,4,.636,14.34,1.34,0,0,6,1,0,1,899,756,,73.7,111.0,.319,.342,.583,54.8,46.1,9.4,12.5,.551,17.7,34.2,.239
253,Massachusetts-Lowell,13,6,7,.462,-5.24,-5.66,0,0,4,5,2,2,968,920,,71.1,103.6,.338,.341,.536,51.5,56.2,8.9,7.0,.502,16.0,30.8,.240
254,Grand Canyon,14,5,9,.357,-3.05,1.26,0,0,4,4,0,2,951,1016,,67.9,99.2,.300,.341,.524,47.3,46.5,7.9,3.7,.486,15.2,23.0,.225
255,George Mason,12,11,1,.917,4.88,-2.79,0,0,8,0,0,1,852,760,,67.8,103.6,.345,.340,.522,53.6,43.4,8.3,15.0,.486,15.7,34.5,.244
256,Southern Utah,11,7,4,.636,1.76,-0.13,0,0,4,0,2,4,847,700,,73.1,103.0,.315,.340,.547,56.4,45.2,11.7,9.9,.521,18.4,32.5,.215
257,Charlotte,11,6,5,.545,3.37,-3.26,0,0,5,1,1,4,768,695,,68.7,99.4,.372,.340,.551,52.2,49.4,12.9,11.7,.511,18.5,23.0,.275
258,Mercer,13,5,8,.385,-9.54,-4.79,0,1,3,3,2,3,910,959,,71.6,97.7,.287,.340,.515,52.3,57.7,9.6,6.1,.485,17.9,32.4,.202
259,Jackson State,12,3,9,.250,-15.58,0.32,0,0,2,0,1,9,806,900,,73.0,92.0,.235,.340,.484,44.6,52.1,14.3,9.5,.458,16.2,24.9,.160
260,Gonzaga,14,13,1,.929,22.19,2.05,0,0,8,0,3,0,1235,953,,73.3,119.3,.382,.339,.589,56.0,54.5,10.1,9.3,.569,13.1,33.7,.253
261,Washington,13,10,3,.769,13.13,3.29,0,0,7,1,1,0,968,840,,71.5,104.1,.403,.339,.575,51.5,54.0,10.2,15.5,.537,18.5,26.0,.294
262,Oregon State,11,9,2,.818,8.95,-3.78,0,0,6,0,1,1,858,718,,69.9,111.6,.407,.338,.583,50.3,58.7,9.5,17.3,.554,15.3,26.7,.286
263,Western Illinois,10,3,7,.300,-12.53,-2.16,0,0,2,4,1,3,785,790,,75.0,104.7,.247,.338,.542,48.2,41.6,7.3,5.3,.506,13.3,23.5,.199
264,St. Francis (NY),12,6,6,.500,-13.80,-7.43,0,0,5,0,1,6,875,881,,73.4,99.4,.282,.338,.516,49.0,43.3,8.1,8.6,.488,16.0,27.6,.194
265,Stanford,12,11,1,.917,13.76,-2.24,0,0,8,0,1,0,884,692,,70.3,104.7,.348,.337,.586,53.1,50.2,11.4,11.5,.563,19.4,24.7,.241
266,Canisius,11,5,6,.455,-5.74,-5.83,0,1,3,0,1,5,780,779,,72.2,98.2,.366,.337,.533,47.2,56.5,11.8,5.1,.499,19.0,28.5,.254
267,Cal State Fullerton,13,3,10,.231,-8.18,0.73,0,0,1,4,1,5,779,866,,68.6,87.3,.319,.337,.481,47.5,47.5,8.3,8.4,.447,17.7,20.4,.213
268,High Point,12,3,9,.250,-18.32,0.28,0,0,3,3,0,6,788,931,,70.3,92.5,.352,.336,.493,52.5,56.7,7.5,13.1,.448,19.4,34.2,.256
269,Coastal Carolina,13,8,5,.615,1.67,-1.69,1,1,5,3,3,1,1066,958,,74.1,110.7,.375,.335,.571,54.1,49.9,11.1,12.7,.541,17.8,35.5,.262
270,Louisiana-Monroe,10,4,6,.400,-7.16,-3.41,0,2,4,3,0,3,653,637,,65.9,97.8,.358,.335,.534,50.8,48.3,8.4,9.2,.504,19.7,28.6,.241
271,Green Bay,13,5,8,.385,-5.96,2.59,0,0,3,2,2,6,1074,1055,,77.2,107.1,.274,.334,.561,48.4,56.4,11.0,6.8,.537,14.9,24.6,.195
272,North Carolina Central,13,3,10,.231,-14.66,0.80,0,0,3,0,0,10,829,894,,70.0,91.1,.272,.334,.507,47.9,51.8,13.3,9.4,.481,21.1,29.1,.184
273,Arizona,13,10,3,.769,22.43,4.05,0,0,7,1,0,1,1088,849,,72.7,115.0,.395,.333,.592,52.5,58.3,9.9,11.4,.555,14.3,30.0,.296
274,Mississippi State,11,8,3,.727,9.73,1.45,0,0,5,1,1,0,788,697,,65.4,109.6,.385,.333,.563,55.7,56.2,10.3,14.5,.533,19.3,40.8,.265
275,Missouri State,13,6,7,.462,1.21,-1.49,0,0,5,1,0,4,882,847,,67.8,100.0,.307,.333,.532,54.9,46.2,9.2,7.3,.497,19.5,34.7,.227
276,Missouri-Kansas City,14,7,7,.500,-5.09,2.83,0,0,4,0,1,5,980,949,,69.8,100.3,.254,.332,.539,48.8,50.8,12.4,10.0,.517,17.8,26.3,.175
277,Austin Peay,12,6,6,.500,-1.93,1.07,0,0,5,0,0,5,936,904,,72.0,108.3,.396,.331,.563,49.3,46.2,10.3,9.4,.523,17.1,31.7,.291
278,Kansas,11,9,2,.818,27.50,9.60,0,0,5,0,1,1,901,692,,71.6,113.2,.342,.330,.597,55.4,55.3,12.3,15.1,.581,16.8,31.5,.227
279,Cal Poly,12,2,10,.167,-11.88,2.76,0,0,2,2,0,6,750,867,,68.3,91.5,.284,.329,.504,45.7,43.0,8.7,4.2,.479,18.4,23.0,.186
280,Central Connecticut State,12,0,12,.000,-23.63,-0.63,0,0,0,3,0,7,680,956,,72.4,78.3,.323,.329,.445,43.8,46.3,9.3,8.4,.416,20.2,20.1,.195
281,Eastern Illinois,12,7,5,.583,-0.24,-6.54,0,0,3,0,3,4,931,775,,72.9,106.4,.305,.328,.546,53.4,53.6,11.4,11.4,.517,16.6,33.3,.216
282,Houston,13,10,3,.769,14.82,3.13,0,0,5,2,2,1,1003,851,,68.4,112.8,.336,.325,.538,57.8,49.9,6.7,16.5,.505,14.2,40.7,.238
283,Samford,14,6,8,.429,-9.95,-1.67,0,0,5,1,1,7,1091,1085,,75.6,101.2,.324,.323,.545,49.5,48.4,9.8,8.0,.518,18.9,30.1,.220
284,East Carolina,12,5,7,.417,-4.35,-3.85,0,0,4,2,0,3,852,858,,71.7,99.1,.412,.322,.515,52.7,54.3,8.4,9.6,.462,16.2,30.1,.306
285,Southern California,12,10,2,.833,9.26,2.51,0,0,5,1,2,0,912,831,,73.9,102.8,.357,.319,.533,53.0,59.8,9.7,14.7,.505,16.8,31.7,.237
286,Tulsa,12,8,4,.667,3.32,-2.68,0,0,7,1,1,2,890,818,,68.6,104.8,.347,.317,.543,51.8,55.5,11.2,7.9,.509,16.4,30.4,.247
287,New Mexico,14,12,2,.857,7.65,-0.43,2,0,9,0,2,1,1129,1003,,73.5,109.7,.441,.315,.591,53.5,57.7,10.8,8.1,.553,18.2,30.6,.323
288,Georgia State,12,8,4,.667,5.36,3.36,2,0,5,0,2,4,959,868,,74.1,105.6,.329,.315,.539,49.4,49.1,11.8,13.8,.508,15.7,31.9,.230
289,Hampton,12,4,8,.333,-18.82,-0.93,0,0,4,2,0,6,901,927,,72.9,101.9,.365,.315,.530,48.8,54.8,8.1,11.1,.499,16.7,29.6,.246
290,Pittsburgh,12,9,3,.750,8.24,1.66,1,1,6,2,1,1,776,697,,64.9,99.6,.363,.315,.496,50.6,52.9,11.4,10.0,.456,16.1,34.6,.252
291,Duke,11,10,1,.909,26.05,7.23,1,0,5,1,2,0,920,713,,73.6,112.5,.366,.314,.560,56.8,53.9,12.1,15.1,.530,15.6,38.2,.254
292,Portland State,12,6,6,.500,-1.75,-1.05,0,0,3,1,2,5,960,889,,73.3,109.1,.319,.314,.517,52.7,48.0,12.5,9.0,.484,14.0,40.7,.222
293,Saint Louis,12,10,2,.833,10.58,1.94,0,0,7,1,1,0,873,765,,69.2,105.1,.383,.314,.516,54.7,54.5,11.3,12.0,.503,15.7,36.6,.214
294,DePaul,13,12,1,.923,9.76,-0.41,0,0,8,1,4,0,1003,852,,73.3,104.2,.344,.313,.549,51.3,52.7,12.9,16.6,.531,17.6,30.9,.215
295,Little Rock,13,8,5,.615,0.50,-1.09,2,0,4,1,4,4,884,847,,69.2,98.3,.413,.313,.538,53.1,56.0,11.0,9.4,.501,20.8,32.2,.284
296,Siena,9,4,5,.444,-1.60,-0.93,1,0,4,0,0,5,664,670,,71.0,99.7,.359,.312,.515,54.3,46.0,7.7,6.9,.475,16.4,30.8,.256
297,Georgia Tech,12,6,6,.500,5.29,5.87,1,1,3,3,2,2,792,799,,72.5,89.2,.341,.312,.503,49.3,46.1,9.8,13.1,.478,20.7,24.8,.214
298,Murray State,11,6,5,.545,1.46,-4.44,0,0,5,0,0,3,815,690,,70.0,104.6,.423,.311,.550,56.7,56.5,8.5,10.3,.511,17.0,29.8,.298
299,Loyola Marymount,13,6,7,.462,-0.92,0.92,0,0,5,2,0,3,895,874,,66.5,103.6,.345,.311,.565,49.4,50.0,10.1,8.5,.550,18.3,28.7,.214
300,South Carolina State,11,4,7,.364,-17.03,-0.25,0,0,4,1,0,6,759,871,,69.6,98.1,.382,.311,.541,48.8,42.7,5.9,4.4,.487,18.6,25.8,.305
301,Bethune-Cookman,13,6,7,.462,-9.71,-3.61,0,0,3,0,1,7,948,905,,75.0,97.2,.324,.311,.506,50.3,49.7,10.7,8.9,.469,16.7,29.3,.231
302,Southern,13,3,10,.231,-14.03,1.43,0,0,2,0,0,10,894,981,,69.9,97.4,.231,.310,.490,50.9,47.2,8.9,8.6,.465,16.6,34.3,.157
303,North Carolina A&T,13,3,10,.231,-11.44,1.18,0,0,2,1,0,7,749,913,,69.5,82.1,.367,.309,.452,47.5,51.3,10.6,10.4,.421,20.8,27.0,.221
304,Saint Francis (PA),11,7,4,.636,-0.75,-0.35,0,0,3,1,3,3,847,802,,71.1,106.9,.389,.308,.553,51.2,38.8,10.4,6.5,.505,15.7,29.9,.300
305,Bradley,12,8,4,.667,4.43,-2.39,0,0,7,0,0,3,865,757,,68.9,104.6,.325,.308,.522,54.8,60.1,7.4,11.4,.490,15.3,35.1,.226
306,Rider,10,7,3,.700,1.11,-3.79,1,0,3,0,2,3,776,727,,75.6,102.6,.441,.308,.526,56.0,49.4,8.7,8.1,.488,17.0,34.1,.297
307,Alabama-Birmingham,12,8,4,.667,-0.04,-2.13,0,0,5,2,1,2,778,743,,66.3,97.7,.330,.308,.526,55.1,45.7,8.5,9.2,.490,20.1,34.9,.238
308,Incarnate Word,12,3,9,.250,-22.45,-4.45,0,1,3,3,0,6,791,867,,71.0,92.0,.308,.308,.497,46.7,52.3,9.9,6.7,.463,18.4,25.8,.215
309,Southeast Missouri State,12,3,9,.250,-11.22,-1.59,0,0,2,1,0,7,763,868,,70.4,90.3,.367,.307,.489,48.1,40.9,9.0,4.6,.453,18.5,24.8,.244
310,UC-Irvine,14,7,7,.500,1.41,0.74,0,0,3,1,2,5,1052,941,,72.4,103.7,.301,.305,.551,58.4,56.1,9.2,10.9,.519,18.7,35.1,.222
311,SIU Edwardsville,12,2,10,.167,-19.89,-3.98,0,0,1,3,1,7,738,904,,68.9,89.2,.231,.305,.483,44.9,55.4,8.3,8.6,.461,17.9,24.0,.150
312,Rutgers,12,9,3,.750,14.35,3.10,1,1,9,0,0,2,859,724,,69.8,102.5,.315,.303,.532,56.3,52.3,11.1,14.6,.509,17.6,34.4,.205
313,Idaho,11,4,7,.364,-13.74,-3.52,0,0,3,2,0,4,745,781,,70.5,95.0,.295,.303,.518,49.0,51.4,8.3,6.8,.493,17.2,23.0,.195
314,Kennesaw State,12,1,11,.083,-20.13,-0.80,0,0,1,2,0,7,682,914,,70.1,81.1,.367,.303,.443,49.7,42.7,6.8,5.7,.395,20.5,29.1,.250
315,North Carolina,12,7,5,.583,9.32,7.65,1,1,3,2,1,2,839,819,,71.5,97.8,.355,.302,.483,55.9,52.8,8.0,13.3,.450,15.4,35.5,.226
316,Pacific,15,12,3,.800,1.66,-6.42,0,0,9,1,2,1,1062,897,,64.7,106.7,.345,.301,.551,59.1,48.2,9.7,12.0,.531,16.7,36.6,.220
317,Saint Peter's,9,4,5,.444,-6.43,-2.05,0,0,2,2,2,3,603,617,,69.7,94.8,.370,.301,.502,54.6,45.8,11.6,12.7,.458,22.2,40.3,.264
318,Cal State Long Beach,14,4,10,.286,-7.96,5.35,0,0,3,2,0,6,950,1092,,73.5,92.3,.307,.301,.524,47.1,48.0,9.2,10.3,.496,21.0,26.6,.209
319,Texas Southern,11,3,8,.273,-6.13,9.97,0,0,2,0,1,8,759,882,,76.3,88.4,.333,.300,.472,47.7,47.1,8.0,7.9,.433,18.9,28.5,.228
320,Georgetown,12,9,3,.750,13.77,4.69,0,0,6,2,2,0,984,875,,74.7,109.7,.363,.299,.562,55.6,58.2,8.7,14.8,.520,17.1,37.2,.279
321,Loyola (IL),13,8,5,.615,5.55,-0.86,0,0,5,2,1,1,928,820,,68.5,104.3,.404,.299,.596,50.8,58.2,11.1,6.7,.570,19.3,20.0,.280
322,Texas-Rio Grande Valley,12,4,8,.333,-10.53,-0.75,0,0,4,1,0,5,844,812,,70.5,97.7,.277,.299,.504,48.9,54.1,12.3,14.1,.475,15.9,29.1,.191
323,Old Dominion,13,4,9,.308,-1.01,1.30,0,0,3,2,1,4,808,838,,68.7,90.5,.245,.299,.467,52.4,40.4,11.6,12.0,.439,16.7,29.7,.164
324,South Carolina,12,8,4,.667,6.65,0.98,0,0,5,2,3,0,847,779,,70.9,99.5,.330,.298,.507,52.4,52.0,11.4,14.6,.485,16.1,33.3,.202
325,Morgan State,13,5,8,.385,-10.06,2.74,0,0,4,2,1,3,919,960,,71.1,96.6,.367,.298,.507,52.8,44.7,7.6,13.6,.468,19.3,34.6,.257
326,Memphis,11,10,1,.909,17.61,0.52,0,0,7,0,2,0,867,679,,75.7,104.1,.412,.297,.549,53.8,51.9,12.0,17.5,.516,18.6,34.3,.282
327,Indiana,12,11,1,.917,15.26,1.35,1,1,9,0,0,1,964,797,,70.5,112.7,.488,.294,.570,57.4,51.2,9.0,14.5,.531,16.1,36.9,.343
328,South Dakota,14,9,5,.643,-2.10,-2.18,0,0,5,1,2,3,1070,1018,,70.0,109.2,.353,.293,.584,52.8,51.7,6.1,6.8,.549,14.8,24.9,.265
329,UCLA,12,7,5,.583,5.97,2.52,0,0,6,1,0,1,869,805,,68.9,105.2,.401,.293,.530,56.1,51.5,10.0,11.2,.493,16.4,36.2,.274
330,St. John's (NY),13,11,2,.846,11.04,-1.96,0,0,9,1,0,0,1037,868,,76.2,104.7,.351,.291,.511,52.5,51.6,13.0,15.6,.474,14.3,35.6,.245
331,Wake Forest,12,7,5,.583,6.17,4.34,0,2,4,1,0,3,891,869,,72.6,101.3,.415,.289,.527,52.6,54.0,7.8,8.3,.475,17.2,29.5,.313
332,Arkansas State,12,9,3,.750,-2.09,-1.91,2,0,6,1,3,2,816,802,,67.5,100.7,.411,.289,.545,49.3,60.7,10.9,8.0,.506,17.9,26.8,.291
333,Rhode Island,10,7,3,.700,9.45,6.05,0,0,6,0,0,2,752,718,,74.9,99.2,.327,.288,.502,50.6,48.4,11.6,8.5,.465,15.4,31.6,.228
334,Southern Mississippi,13,4,9,.308,-4.13,7.17,0,0,4,2,0,4,901,957,,70.0,99.0,.221,.287,.524,51.0,55.2,10.7,9.0,.503,17.9,30.4,.152
335,West Virginia,11,10,1,.909,17.82,4.55,0,0,6,0,2,1,831,685,,72.1,104.8,.390,.286,.519,55.9,52.5,11.0,11.7,.484,16.3,39.4,.262
336,Denver,14,4,10,.286,-12.29,-1.52,0,0,3,3,0,6,895,1018,,70.6,89.7,.358,.283,.505,47.7,49.4,8.8,7.5,.480,19.5,20.6,.222
337,Montana,11,4,7,.364,-2.09,5.36,0,0,4,1,0,6,713,768,,71.5,89.7,.278,.283,.501,47.4,45.2,8.8,10.0,.471,18.0,19.5,.191
338,Kentucky,11,8,3,.727,13.76,0.49,0,0,7,1,0,0,819,673,,69.8,106.6,.387,.282,.553,55.0,58.6,7.8,12.4,.503,15.8,30.3,.304
339,Illinois,12,8,4,.667,13.31,4.04,1,1,7,1,1,2,951,797,,71.5,109.7,.413,.281,.568,59.0,50.4,8.3,7.0,.527,18.3,40.3,.304
340,Omaha,15,7,8,.467,-3.41,2.52,0,0,6,0,1,7,1070,1134,,71.5,98.9,.276,.276,.522,49.8,48.3,6.8,8.2,.494,16.9,27.4,.192
341,Texas State,13,7,6,.538,1.35,-0.75,0,2,6,1,1,5,960,827,,68.3,108.1,.385,.274,.564,49.1,48.7,10.2,10.7,.526,16.2,28.2,.284
342,Cleveland State,13,4,9,.308,-14.20,1.30,0,0,2,3,0,6,790,951,,71.9,84.5,.391,.273,.472,48.6,51.4,11.4,7.4,.429,22.1,29.4,.261
343,Lamar,13,7,6,.538,-6.31,-2.11,1,1,6,0,1,6,911,845,,71.2,97.4,.299,.271,.487,50.9,48.1,14.2,15.7,.463,16.7,35.0,.186
344,University of California,12,6,6,.500,0.87,4.45,0,0,6,1,0,2,793,836,,66.3,98.6,.377,.270,.549,49.2,42.0,6.1,7.2,.511,18.4,24.3,.273
345,Lehigh,11,3,8,.273,-7.88,3.35,0,0,2,2,1,6,729,774,,71.5,92.7,.204,.270,.510,50.8,45.7,7.9,8.5,.484,19.3,26.4,.150
346,Arkansas-Pine Bluff,11,1,10,.091,-20.00,6.20,0,0,1,0,0,10,550,804,,67.7,73.9,.293,.268,.456,47.1,50.0,11.8,7.6,.424,26.7,24.5,.191
347,Stephen F. Austin,12,10,2,.833,8.18,-1.42,2,0,7,0,3,2,997,817,,77.2,106.5,.385,.265,.567,56.0,48.8,14.1,10.3,.534,19.9,37.3,.273
348,Cal State Bakersfield,14,6,8,.429,-6.90,-0.53,0,0,5,3,1,5,1024,974,,67.6,105.5,.311,.265,.529,57.1,45.6,10.0,10.9,.499,17.5,39.3,.216
349,Grambling,13,6,7,.462,-9.63,1.15,0,0,4,0,2,6,1015,947,,74.7,104.5,.310,.265,.542,52.9,49.6,11.8,12.1,.515,16.7,32.9,.213
350,Prairie View,12,3,9,.250,-4.83,3.90,0,0,1,0,1,8,828,886,,74.1,92.1,.384,.252,.496,49.2,49.3,11.7,7.7,.462,18.9,29.0,.249
351,New Orleans,11,4,7,.364,-10.96,6.18,0,2,4,1,0,6,872,810,,74.0,107.1,.307,.251,.561,49.7,55.7,11.9,6.6,.520,15.8,28.7,.246
352,Sacramento State,9,7,2,.778,0.59,-1.69,0,0,4,0,2,2,570,469,,65.7,96.3,.392,.247,.498,54.7,56.1,9.3,9.4,.450,17.5,32.8,.282
353,Florida A&M,10,1,9,.100,-11.98,3.62,0,0,0,0,1,7,592,748,,71.4,82.9,.329,.197,.450,44.2,39.2,10.6,4.8,.417,19.2,25.3,.207