Rk,School,G,W,L,W-L%,SRS,SOS,W,L,W,L,W,L,Tm.,Opp.,,MP,FG,FGA,FG%,3P,3PA,3P%,FT,FTA,FT%,ORB,TRB,AST,STL,BLK,TOV,PF
1,Abilene Christian,12,7,5,.583,-4.22,-2.72,2,0,6,1,1,4,933,725,,485,238,585,.407,58,209,.278,191,248,.770,88,386,105,78,35,250,221
2,Air Force,13,6,7,.462,-3.08,-1.83,1,1,3,3,3,1,986,944,,520,344,728,.473,128,338,.379,128,190,.674,90,394,199,74,33,149,268
3,Akron,12,9,3,.750,6.25,-1.65,0,0,7,0,1,2,906,760,,480,287,742,.387,54,209,.258,132,201,.657,129,439,106,86,34,161,244
4,Alabama A&M,10,3,7,.300,-14.93,-1.03,0,0,3,0,0,7,677,816,,405,300,599,.501,82,233,.352,134,206,.650,105,416,167,56,52,139,154
5,Alabama-Birmingham,12,8,4,.667,-0.04,-2.13,0,0,5,2,1,2,778,743,,480,269,677,.397,78,263,.297,127,184,.690,115,371,132,93,41,154,202
6,Alabama State,12,1,11,.083,-17.02,3.40,0,0,0,0,0,8,685,930,,480,334,653,.511,94,243,.387,168,241,.697,108,459,187,86,46,181,203
7,Alabama,11,6,5,.545,9.63,5.18,0,0,3,1,1,2,903,854,,440,307,725,.423,81,264,.307,159,224,.710,124,419,138,102,45,162,212
8,Albany (NY),14,6,8,.429,-8.37,-5.14,0,0,4,2,0,6,934,950,,560,340,844,.403,105,328,.320,165,229,.721,136,477,188,113,43,175,262
9,Alcorn State,10,4,6,.400,-13.57,5.76,0,0,4,0,0,6,786,717,,405,259,585,.443,71,238,.298,128,199,.643,99,359,136,75,24,163,143
10,American,10,4,6,.400,-5.76,-5.66,0,0,2,2,2,4,737,738,,400,261,570,.458,64,170,.376,152,213,.714,97,347,117,62,41,125,152
11,Appalachian State,12,8,4,.667,2.47,-1.53,2,0,4,0,3,3,843,744,,480,267,696,.384,99,305,.325,111,153,.725,122,426,147,64,31,193,233
12,Arizona State,12,8,4,.667,9.65,3.15,0,0,5,1,2,0,876,798,,480,294,711,.414,77,254,.303,133,212,.627,125,472,133,70,43,201,235
13,Arizona,13,10,3,.769,22.43,4.05,0,0,7,1,0,1,1088,849,,520,280,748,.374,88,275,.320,201,282,.713,139,438,161,56,31,204,269
14,Little Rock,13,8,5,.615,0.50,-1.09,2,0,4,1,4,4,884,847,,520,288,702,.410,110,308,.357,161,242,.665,119,410,156,92,42,201,259
15,Arkansas-Pine Bluff,11,1,10,.091,-20.00,6.20,0,0,1,0,0,10,550,804,,440,265,563,.471,80,234,.342,194,274,.708,101,360,175,113,29,158,165
16,Arkansas State,12,9,3,.750,-2.09,-1.91,2,0,6,1,3,2,816,802,,480,287,622,.461,68,210,.324,160,232,.690,102,383,161,80,25,181,237
17,Arkansas,11,10,1,.909,16.44,0.81,0,0,8,0,1,1,826,654,,450,242,633,.382,43,197,.218,127,190,.668,112,405,101,67,25,205,220
18,Army,11,5,6,.455,-14.60,-7.50,0,0,3,2,2,4,769,803,,445,293,682,.430,105,313,.335,112,177,.633,106,404,150,89,35,143,176
19,Auburn,11,11,0,1.000,18.84,3.21,0,0,6,0,1,0,900,728,,445,275,682,.403,68,231,.294,110,163,.675,123,392,115,79,21,168,232
20,Austin Peay,12,6,6,.500,-1.93,1.07,0,0,5,0,0,5,936,904,,480,320,676,.473,85,231,.368,179,238,.752,122,423,168,85,23,199,243
21,Ball State,13,7,6,.538,5.27,-2.90,0,0,3,3,2,1,937,795,,520,289,725,.399,78,235,.332,139,198,.702,107,429,142,73,33,195,198
22,Baylor,10,9,1,.900,18.52,2.52,0,0,5,0,0,0,766,606,,400,214,554,.386,61,194,.314,117,170,.688,99,331,111,58,50,167,180
23,Belmont,12,8,4,.667,5.91,-4.18,0,0,5,0,3,3,978,818,,480,314,762,.412,79,251,.315,111,177,.627,120,444,145,84,38,178,167
24,Bethune-Cookman,13,6,7,.462,-9.71,-3.61,0,0,3,0,1,7,948,905,,520,320,759,.422,75,266,.282,190,286,.664,138,498,176,83,38,219,234
25,Binghamton,12,5,7,.417,-14.72,-3.54,0,0,4,1,1,6,836,938,,485,356,785,.454,88,281,.313,138,208,.663,151,480,174,82,40,108,165
26,Boise State,13,8,5,.615,5.55,2.46,1,1,5,1,1,3,1021,907,,540,353,784,.450,74,252,.294,127,185,.686,99,448,155,79,31,178,275
27,Boston College,13,8,5,.615,3.19,1.03,2,0,5,4,2,1,879,851,,520,306,748,.409,93,289,.322,146,212,.689,145,507,159,93,31,227,231
28,Boston University,12,5,7,.417,-5.13,-1.41,0,0,3,1,2,4,833,846,,485,315,715,.441,75,244,.307,141,202,.698,121,430,129,78,38,145,196
29,Bowling Green State,12,8,4,.667,0.86,-0.64,0,0,5,0,0,1,913,855,,490,288,711,.405,101,286,.353,178,270,.659,114,460,144,64,39,170,209
30,Bradley,12,8,4,.667,4.43,-2.39,0,0,7,0,0,3,865,757,,480,263,690,.381,86,296,.291,145,193,.751,117,405,123,83,43,166,214
31,Brigham Young,14,10,4,.714,17.33,8.02,0,0,5,1,1,2,1089,933,,570,359,826,.435,75,259,.290,140,216,.648,115,466,157,84,33,173,216
32,Brown,10,5,5,.500,-6.85,-4.25,0,0,4,1,1,4,695,721,,400,251,581,.432,75,215,.349,144,200,.720,96,340,120,87,38,136,195
33,Bryant,12,8,4,.667,-1.24,-4.78,0,0,4,1,4,3,892,804,,485,291,742,.392,78,258,.302,144,225,.640,140,471,158,78,31,173,196
34,Bucknell,12,4,8,.333,-8.98,0.77,0,0,2,1,1,5,834,951,,480,339,701,.484,80,222,.360,193,273,.707,116,433,158,81,43,152,193
35,Buffalo,12,8,4,.667,0.68,-0.96,0,0,4,2,1,1,967,912,,480,337,756,.446,79,234,.338,159,230,.691,141,458,181,89,55,193,211
36,Butler,12,11,1,.917,17.88,3.55,0,0,7,0,1,1,833,661,,480,242,626,.387,70,247,.283,107,166,.645,96,338,125,69,37,162,205
37,Cal Poly,12,2,10,.167,-11.88,2.76,0,0,2,2,0,6,750,867,,480,298,647,.461,92,240,.383,179,248,.722,119,427,160,84,33,173,207
38,Cal State Bakersfield,14,6,8,.429,-6.90,-0.53,0,0,5,3,1,5,1024,974,,575,316,723,.437,116,310,.374,226,331,.683,111,412,170,77,32,196,247
39,Cal State Fullerton,13,3,10,.231,-8.18,0.73,0,0,1,4,1,5,779,866,,520,317,721,.440,70,234,.299,162,234,.692,107,473,147,82,33,170,220
40,Cal State Northridge,13,3,10,.231,-10.24,2.68,0,0,2,2,1,7,922,1042,,520,373,800,.466,139,360,.386,157,221,.710,149,498,229,74,52,171,237
41,California Baptist,12,8,4,.667,0.29,-6.89,0,0,7,2,1,2,983,848,,485,312,756,.413,74,251,.295,150,231,.649,123,422,159,79,37,137,238
42,UC-Davis,14,5,9,.357,-6.02,-1.09,0,0,3,0,1,7,981,999,,570,353,773,.457,100,300,.333,193,249,.775,120,456,217,85,41,191,237
43,UC-Irvine,14,7,7,.500,1.41,0.74,0,0,3,1,2,5,1052,941,,560,300,801,.375,118,324,.364,223,314,.710,118,410,158,87,38,181,230
44,UC-Riverside,13,8,5,.615,-2.00,-5.91,0,0,6,1,2,4,846,737,,520,263,707,.372,68,244,.279,143,221,.647,101,400,128,73,31,136,214
45,UC-Santa Barbara,13,9,4,.692,0.04,-4.38,0,0,6,1,3,3,944,872,,525,311,700,.444,90,260,.346,160,232,.690,109,384,143,62,32,157,244
46,University of California,12,6,6,.500,0.87,4.45,0,0,6,1,0,2,793,836,,485,286,696,.411,96,264,.364,168,218,.771,129,403,139,48,33,140,224
47,Campbell,11,8,3,.727,-5.36,-6.91,0,0,4,0,3,2,793,702,,445,242,584,.414,57,213,.268,161,225,.716,115,392,96,62,25,199,172
48,Canisius,11,5,6,.455,-5.74,-5.83,0,1,3,0,1,5,780,779,,440,273,633,.431,76,242,.314,157,226,.695,135,409,135,82,29,189,202
49,Central Arkansas,12,3,9,.250,-13.56,4.44,2,0,3,1,0,7,864,1042,,495,369,819,.451,112,311,.360,192,258,.744,146,506,208,113,49,167,266
50,Central Connecticut State,12,0,12,.000,-23.63,-0.63,0,0,0,3,0,7,680,956,,480,349,733,.476,108,314,.344,150,219,.685,123,484,210,96,57,157,199
51,Central Florida,12,9,3,.750,4.80,-1.21,0,0,6,1,1,1,859,787,,480,299,723,.414,79,255,.310,110,150,.733,128,426,173,74,33,172,218
52,Central Michigan,12,7,5,.583,-2.18,-3.63,0,0,7,0,0,5,1055,899,,480,336,747,.450,113,315,.359,114,171,.667,105,437,181,73,38,214,252
53,Charleston Southern,11,5,6,.455,-16.74,-0.64,0,0,3,1,2,4,680,813,,440,307,655,.469,78,248,.315,121,175,.691,130,453,167,82,38,165,193
54,Charlotte,11,6,5,.545,3.37,-3.26,0,0,5,1,1,4,768,695,,450,257,612,.420,83,254,.327,98,167,.587,87,351,134,83,42,166,183
55,Chattanooga,13,8,5,.615,-3.34,-1.76,0,1,4,0,2,5,913,884,,525,322,728,.442,82,252,.325,158,229,.690,120,460,152,74,51,186,217
56,Chicago State,14,4,10,.286,-26.27,-1.54,0,0,3,3,1,5,957,1161,,560,396,850,.466,117,332,.352,252,342,.737,152,499,242,120,35,188,258
57,Cincinnati,12,7,5,.583,9.56,4.81,0,0,5,1,0,2,887,830,,495,293,721,.406,88,266,.331,156,211,.739,120,418,149,77,36,177,246
58,Citadel,12,6,6,.500,-10.17,-0.62,0,1,3,3,3,3,1021,950,,495,351,807,.435,100,335,.299,148,213,.695,131,459,181,98,32,195,209
59,Clemson,12,6,6,.500,8.17,2.67,0,2,5,3,0,2,803,737,,485,256,648,.395,101,300,.337,124,170,.729,104,421,140,82,31,194,187
60,Cleveland State,13,4,9,.308,-14.20,1.30,0,0,2,3,0,6,790,951,,520,314,740,.424,92,278,.331,231,324,.713,149,487,173,104,70,191,253
61,Coastal Carolina,13,8,5,.615,1.67,-1.69,1,1,5,3,3,1,1066,958,,520,317,775,.409,129,366,.352,195,283,.689,146,449,181,86,32,193,253
62,Colgate,13,9,4,.692,-1.64,-2.22,0,0,5,0,3,4,974,928,,525,354,775,.457,83,277,.300,137,190,.721,118,454,161,85,43,164,181
63,College of Charleston,12,6,6,.500,1.77,2.59,0,0,4,2,1,2,825,808,,480,289,689,.419,74,241,.307,156,217,.719,132,442,157,69,53,155,209
64,Colorado State,14,8,6,.571,4.19,3.90,0,2,4,3,1,2,1015,1011,,580,378,851,.444,114,339,.336,141,201,.701,123,480,193,81,35,181,268
65,Colorado,12,10,2,.833,14.17,5.75,0,0,5,1,1,1,834,733,,485,273,684,.399,70,205,.341,117,167,.701,106,385,133,103,43,192,248
66,Columbia,12,3,9,.250,-7.71,-0.79,0,0,2,0,0,8,785,868,,480,334,732,.456,89,255,.349,111,169,.657,106,463,151,69,58,139,165
67,Connecticut,11,8,3,.727,11.82,0.37,0,0,6,1,0,0,823,697,,450,247,633,.390,62,211,.294,141,192,.734,121,399,115,80,45,188,213
68,Coppin State,13,4,9,.308,-8.37,0.70,0,0,1,1,3,8,899,1017,,525,350,820,.427,117,373,.314,200,293,.683,153,572,224,85,40,198,207
69,Cornell,10,1,9,.100,-8.47,-3.47,0,0,1,2,0,7,650,700,,405,252,567,.444,85,230,.370,111,164,.677,101,357,133,61,44,121,146
70,Creighton,12,10,2,.833,12.28,3.45,0,0,8,0,1,1,935,829,,485,309,736,.420,86,282,.305,125,179,.698,120,432,142,64,37,160,197
71,Dartmouth,13,7,6,.538,-4.46,-6.04,0,0,3,1,3,4,885,817,,530,301,735,.410,108,324,.333,107,196,.546,103,442,165,72,32,165,208
72,Davidson,11,6,5,.545,9.34,4.16,0,0,3,0,2,1,772,715,,440,258,581,.444,64,210,.305,135,200,.675,84,356,114,50,23,143,166
73,Dayton,12,10,2,.833,20.86,3.36,0,0,7,0,0,0,1005,795,,490,287,672,.427,75,220,.341,146,214,.682,111,370,132,69,24,172,215
74,Delaware State,13,1,12,.077,-20.82,-2.48,0,0,1,4,0,7,932,1115,,520,377,758,.497,123,327,.376,238,332,.717,124,509,230,105,42,200,225
75,Delaware,13,10,3,.769,0.60,-4.74,0,0,4,0,2,2,981,871,,525,317,773,.410,97,316,.307,140,204,.686,125,451,163,84,31,164,207
76,Denver,14,4,10,.286,-12.29,-1.52,0,0,3,3,0,6,895,1018,,565,360,791,.455,109,362,.301,189,266,.711,115,504,189,98,40,194,266
77,DePaul,13,12,1,.923,9.76,-0.41,0,0,8,1,4,0,1003,852,,525,291,759,.383,92,307,.300,178,250,.712,153,480,150,96,40,237,237
78,Detroit Mercy,12,2,10,.167,-12.83,0.34,0,0,1,3,0,6,801,959,,480,336,718,.468,111,310,.358,176,227,.775,118,456,214,79,44,153,220
79,Drake,13,10,3,.769,0.49,-2.24,0,0,7,0,1,2,932,839,,520,297,711,.418,101,288,.351,144,198,.727,91,405,137,90,37,199,220
80,Drexel,13,7,6,.538,-3.93,-0.68,0,0,5,1,0,5,905,911,,525,347,788,.440,68,245,.278,149,207,.720,131,441,157,112,39,166,240
81,Duke,11,10,1,.909,26.05,7.23,1,0,5,1,2,0,920,713,,445,273,643,.425,54,174,.310,113,179,.631,98,347,138,76,45,187,223
82,Duquesne,11,10,1,.909,11.70,-2.85,0,0,5,0,0,0,818,658,,440,238,586,.406,59,215,.274,122,181,.674,85,324,100,59,23,167,195
83,East Carolina,12,5,7,.417,-4.35,-3.85,0,0,4,2,0,3,852,858,,480,290,673,.431,101,287,.352,177,253,.700,93,393,155,75,40,162,247
84,East Tennessee State,13,11,2,.846,8.24,-1.12,1,0,7,0,4,2,1023,835,,520,299,716,.418,73,257,.284,164,236,.695,126,402,142,89,36,205,255
85,Eastern Illinois,12,7,5,.583,-0.24,-6.54,0,0,3,0,3,4,931,775,,480,267,688,.388,80,249,.321,161,224,.719,122,413,128,72,38,201,210
86,Eastern Kentucky,12,3,9,.250,-16.88,-0.88,0,0,3,2,0,5,880,918,,480,315,685,.460,78,246,.317,210,273,.769,126,491,177,97,37,254,213
87,Eastern Michigan,11,9,2,.818,-4.50,-0.38,0,0,5,0,2,2,746,672,,440,236,581,.406,104,285,.365,96,159,.604,115,372,141,80,36,211,230
88,Eastern Washington,11,7,4,.636,3.86,2.20,0,0,5,0,2,4,984,830,,440,285,703,.405,83,263,.316,177,244,.725,125,426,163,81,37,181,208
89,Elon,13,4,9,.308,-11.45,-0.75,0,0,4,3,0,6,882,911,,525,309,743,.416,101,306,.330,192,273,.703,111,486,159,84,49,161,214
90,Evansville,13,9,4,.692,-3.93,-3.35,0,0,5,1,3,1,1015,1004,,540,363,804,.451,85,238,.357,193,267,.723,139,491,144,66,27,170,287
91,Fairfield,10,3,7,.300,-4.67,-0.27,0,0,0,3,2,2,611,655,,415,229,530,.432,73,210,.348,124,179,.693,80,324,126,65,31,129,159
92,Fairleigh Dickinson,11,2,9,.182,-13.33,-0.43,0,0,2,1,0,8,739,819,,440,294,640,.459,88,250,.352,143,207,.691,135,424,177,62,31,150,176
93,Florida A&M,10,1,9,.100,-11.98,3.62,0,0,0,0,1,7,592,748,,400,265,572,.463,65,200,.325,153,230,.665,120,401,143,76,49,148,179
94,Florida Atlantic,12,8,4,.667,-4.79,-6.13,0,0,7,1,1,3,879,802,,485,295,678,.435,84,255,.329,128,184,.696,99,393,153,81,25,199,225
95,Florida Gulf Coast,14,3,11,.214,-15.28,-2.53,0,0,3,5,0,6,856,973,,565,341,820,.416,104,320,.325,187,275,.680,168,544,166,112,48,206,221
96,Florida International,12,9,3,.750,0.72,-8.51,0,0,5,0,3,2,1009,845,,480,297,778,.382,66,262,.252,185,265,.698,183,490,125,95,35,222,201
97,Florida State,12,10,2,.833,16.76,3.85,1,1,6,0,1,2,908,753,,485,248,640,.388,81,268,.302,176,246,.715,131,399,101,66,30,223,222
98,Florida,11,7,4,.636,13.06,7.61,0,0,3,1,0,2,748,688,,440,242,615,.393,67,238,.282,137,199,.688,109,368,135,61,34,145,196
99,Fordham,11,5,6,.455,-4.41,-6.51,0,0,4,4,0,0,683,660,,445,228,580,.393,74,244,.303,130,181,.718,108,405,122,75,20,180,195
100,Fresno State,12,4,8,.333,3.06,1.97,0,2,3,2,1,5,861,804,,500,265,670,.396,82,259,.317,192,258,.744,108,412,129,74,29,135,211
101,Furman,14,11,3,.786,8.55,-1.63,1,0,6,0,4,3,1100,896,,565,340,791,.430,89,303,.294,127,181,.702,136,488,184,78,45,242,210
102,Gardner-Webb,12,4,8,.333,-6.94,2.56,0,0,2,1,0,7,803,860,,480,297,702,.423,111,328,.338,155,213,.728,120,426,174,71,31,143,191
103,George Mason,12,11,1,.917,4.88,-2.79,0,0,8,0,0,1,852,760,,485,286,730,.392,77,290,.266,111,180,.617,141,428,137,61,32,152,214
104,George Washington,11,5,6,.455,-5.40,-4.31,0,0,3,3,0,2,745,757,,440,291,658,.442,37,154,.240,138,194,.711,116,399,111,70,33,116,200
105,Georgetown,12,9,3,.750,13.77,4.69,0,0,6,2,2,0,984,875,,480,305,741,.412,111,309,.359,154,214,.720,125,395,175,94,35,180,240
106,Georgia Southern,13,8,5,.615,-1.59,0.14,2,0,6,0,1,4,1017,952,,520,346,768,.451,100,279,.358,160,214,.748,127,502,178,70,38,239,242
107,Georgia State,12,8,4,.667,5.36,3.36,2,0,5,0,2,4,959,868,,490,281,704,.399,75,278,.270,231,300,.770,146,457,163,77,49,206,231
108,Georgia Tech,12,6,6,.500,5.29,5.87,1,1,3,3,2,2,792,799,,490,278,718,.387,72,238,.303,171,235,.728,128,444,151,92,34,186,229
109,Georgia,11,8,3,.727,8.35,1.75,0,0,7,0,1,1,908,839,,450,319,719,.444,91,270,.337,110,175,.629,129,404,141,71,33,172,205
110,Gonzaga,14,13,1,.929,22.19,2.05,0,0,8,0,3,0,1235,953,,565,359,865,.415,101,298,.339,134,191,.702,124,458,164,88,42,202,270
111,Grambling,13,6,7,.462,-9.63,1.15,0,0,4,0,2,6,1015,947,,520,319,735,.434,103,304,.339,206,301,.684,120,434,192,91,39,213,237
112,Grand Canyon,14,5,9,.357,-3.05,1.26,0,0,4,4,0,2,951,1016,,565,359,793,.453,126,336,.375,172,245,.702,130,502,194,77,42,179,236
113,Green Bay,13,5,8,.385,-5.96,2.59,0,0,3,2,2,6,1074,1055,,520,384,819,.469,133,347,.383,154,214,.720,128,487,211,74,34,206,216
114,Hampton,12,4,8,.333,-18.82,-0.93,0,0,4,2,0,6,901,927,,485,319,747,.427,94,278,.338,195,282,.691,156,473,172,80,33,156,237
115,Hartford,13,6,7,.462,-12.87,-7.87,0,0,4,4,2,3,869,902,,520,331,763,.434,77,259,.297,163,247,.660,148,504,175,94,29,192,243
116,Harvard,12,8,4,.667,1.90,-3.19,0,0,4,0,3,1,881,768,,480,278,685,.406,82,234,.350,130,207,.628,122,396,132,83,36,179,218
117,Hawaii,13,8,5,.615,2.12,2.37,0,0,8,3,0,2,909,895,,520,326,760,.429,66,205,.322,177,241,.734,124,433,134,99,35,176,237
118,High Point,12,3,9,.250,-18.32,0.28,0,0,3,3,0,6,788,931,,485,326,701,.465,131,335,.391,148,214,.692,103,378,203,104,52,157,210
119,Hofstra,13,9,4,.692,-0.94,-5.52,0,0,4,1,3,3,1004,907,,520,346,799,.433,91,284,.320,124,176,.705,135,471,198,77,39,195,254
120,Holy Cross,12,1,11,.083,-17.11,-1.65,0,0,0,5,0,5,811,984,,490,354,735,.482,97,268,.362,179,262,.683,128,446,162,99,39,146,173
121,Houston Baptist,10,0,10,.000,-16.74,7.86,0,1,0,1,0,8,766,1012,,400,367,674,.545,88,219,.402,190,263,.722,125,422,216,95,47,134,178
122,Houston,13,10,3,.769,14.82,3.13,0,0,5,2,2,1,1003,851,,520,280,729,.384,95,287,.331,196,275,.713,122,406,155,58,24,150,252
123,Howard,13,2,11,.154,-23.07,-2.71,0,0,1,4,1,6,883,1052,,525,385,796,.484,106,292,.363,176,259,.680,149,526,252,74,51,172,220
124,Idaho State,9,3,6,.333,-8.59,-0.45,0,0,2,1,1,5,636,602,,365,227,497,.457,31,124,.250,117,154,.760,73,268,94,56,24,122,174
125,Idaho,11,4,7,.364,-13.74,-3.52,0,0,3,2,0,4,745,781,,445,292,682,.428,89,270,.330,108,160,.675,105,393,156,78,32,133,191
126,Illinois-Chicago,13,5,8,.385,-7.93,-0.18,0,0,4,3,0,5,857,947,,520,337,776,.434,94,276,.341,179,266,.673,151,499,195,87,34,164,222
127,Illinois State,12,5,7,.417,-2.58,1.42,0,0,5,1,0,3,823,848,,480,302,686,.440,85,271,.314,159,211,.754,122,421,146,79,35,177,187
128,Illinois,12,8,4,.667,13.31,4.04,1,1,7,1,1,2,951,797,,485,310,744,.417,85,260,.327,92,130,.708,109,345,140,93,25,171,263
129,Incarnate Word,12,3,9,.250,-22.45,-4.45,0,1,3,3,0,6,791,867,,485,302,715,.422,92,281,.327,171,232,.737,145,464,174,77,55,177,196
130,Indiana State,11,7,4,.636,4.24,2.64,0,0,4,0,1,2,805,782,,445,275,621,.443,76,248,.306,156,230,.678,98,365,137,54,32,138,227
131,Indiana,12,11,1,.917,15.26,1.35,1,1,9,0,0,1,964,797,,485,278,677,.411,88,278,.317,153,220,.695,99,354,145,83,36,170,255
132,Iona,6,2,4,.333,-5.46,-3.96,0,0,0,1,0,2,419,428,,250,154,344,.448,49,132,.371,71,111,.640,67,212,102,46,16,100,115
133,Iowa State,11,7,4,.636,13.98,3.25,0,0,6,1,0,1,895,777,,440,294,701,.419,89,262,.340,100,145,.690,140,435,140,69,22,192,187
134,Iowa,12,9,3,.750,16.55,7.22,1,1,5,1,2,1,957,845,,480,310,731,.424,87,280,.311,138,178,.775,118,415,171,76,50,160,240
135,Purdue-Fort Wayne,15,7,8,.467,-6.45,-1.86,0,0,6,1,1,7,1058,1032,,600,376,860,.437,121,361,.335,159,216,.736,127,503,216,99,43,213,222
136,IUPUI,13,4,9,.308,-14.95,-0.04,0,0,3,1,1,6,848,975,,520,361,791,.456,108,328,.329,145,205,.707,143,493,199,100,54,174,210
137,Jackson State,12,3,9,.250,-15.58,0.32,0,0,2,0,1,9,806,900,,480,308,612,.503,93,232,.401,191,266,.718,93,448,174,73,44,231,184
138,Jacksonville State,12,4,8,.333,-8.35,-2.54,0,0,3,1,0,6,842,836,,485,317,696,.455,78,253,.308,124,172,.721,97,396,168,79,47,171,193
139,Jacksonville,14,7,7,.500,-4.05,-2.64,0,0,3,1,3,4,943,928,,570,339,842,.403,96,347,.277,154,217,.710,123,496,158,93,38,154,229
140,James Madison,11,7,4,.636,-5.41,-2.21,0,0,5,1,2,3,841,825,,440,313,769,.407,91,305,.298,108,160,.675,127,454,147,64,35,119,211
141,Kansas State,11,6,5,.545,5.83,-1.08,0,0,5,1,1,0,732,656,,445,233,576,.405,66,210,.314,124,183,.678,108,377,114,77,35,199,192
142,Kansas,11,9,2,.818,27.50,9.60,0,0,5,0,1,1,901,692,,445,246,653,.377,94,322,.292,106,155,.684,102,345,135,75,22,173,196
143,Kennesaw State,12,1,11,.083,-20.13,-0.80,0,0,1,2,0,7,682,914,,480,328,711,.461,113,288,.392,145,206,.704,114,438,175,82,54,151,236
144,Kent State,12,10,2,.833,7.50,-4.60,0,0,7,0,2,0,975,785,,490,273,713,.383,83,256,.324,156,212,.736,127,422,139,59,28,190,212
145,Kentucky,11,8,3,.727,13.76,0.49,0,0,7,1,0,0,819,673,,440,243,631,.385,77,252,.306,110,160,.688,94,340,121,48,31,151,206
146,La Salle,11,8,3,.727,2.84,-0.70,0,0,4,1,1,2,790,751,,450,258,659,.392,66,243,.272,169,243,.695,123,412,123,91,45,154,199
147,Lafayette,10,7,3,.700,-1.30,-3.85,0,0,4,1,3,2,744,681,,400,262,610,.430,59,208,.284,98,141,.695,98,317,97,68,22,103,135
148,Lamar,13,7,6,.538,-6.31,-2.11,1,1,6,0,1,6,911,845,,525,301,760,.396,101,315,.321,142,204,.696,160,498,175,83,61,232,225
149,Lehigh,11,3,8,.273,-7.88,3.35,0,0,2,2,1,6,729,774,,440,268,653,.410,88,290,.303,150,208,.721,107,380,156,74,44,140,154
150,Liberty,14,14,0,1.000,10.32,-4.26,0,0,6,0,2,0,1003,723,,560,257,721,.356,79,289,.273,130,197,.660,106,414,107,69,26,171,240
151,Lipscomb,12,5,7,.417,-5.26,-0.26,0,0,3,2,2,5,872,849,,480,314,747,.420,104,309,.337,117,176,.665,143,457,155,74,45,190,198
152,Cal State Long Beach,14,4,10,.286,-7.96,5.35,0,0,3,2,0,6,950,1092,,560,401,877,.457,128,353,.363,162,228,.711,171,521,242,131,47,223,241
153,Long Island University,12,4,8,.333,-6.17,-0.75,0,0,1,2,2,5,908,973,,485,357,804,.444,90,269,.335,169,233,.725,148,501,183,75,42,162,227
154,Longwood,12,5,7,.417,-11.48,-7.68,0,0,4,1,1,6,825,816,,495,285,670,.425,96,294,.327,150,236,.636,106,434,157,69,37,175,221
155,Louisiana,12,5,7,.417,-7.06,-1.79,0,2,4,1,0,5,882,912,,485,323,714,.452,93,294,.316,173,252,.687,122,441,162,78,31,190,245
156,Louisiana-Monroe,10,4,6,.400,-7.16,-3.41,0,2,4,3,0,3,653,637,,405,229,563,.407,62,194,.320,117,173,.676,107,334,105,64,23,126,176
157,Louisiana State,11,7,4,.636,14.34,1.34,0,0,6,1,0,1,899,756,,440,277,697,.397,89,273,.326,113,164,.689,124,363,134,81,28,156,186
158,Louisiana Tech,12,9,3,.750,6.15,-5.45,0,0,7,0,2,3,938,736,,480,259,686,.378,81,240,.338,137,222,.617,139,438,127,59,33,201,201
159,Louisville,12,11,1,.917,18.74,0.49,2,0,9,0,1,0,920,701,,480,251,717,.350,78,292,.267,121,173,.699,128,387,117,67,22,135,204
160,Loyola (IL),13,8,5,.615,5.55,-0.86,0,0,5,2,1,1,928,820,,520,293,685,.428,108,296,.365,126,198,.636,100,384,146,92,30,208,228
161,Loyola Marymount,13,6,7,.462,-0.92,0.92,0,0,5,2,0,3,895,874,,520,282,664,.425,96,298,.322,214,294,.728,125,393,166,82,53,188,245
162,Loyola (MD),11,7,4,.636,-6.82,-7.72,0,0,3,0,3,4,792,756,,445,264,642,.411,74,217,.341,154,216,.713,127,421,136,70,37,170,213
163,Maine,12,3,9,.250,-16.04,-1.49,0,0,1,2,1,7,688,808,,480,295,658,.448,82,249,.329,136,191,.712,95,363,149,109,28,126,172
164,Manhattan,9,4,5,.444,-9.53,-6.20,0,0,2,1,2,4,542,572,,365,181,457,.396,54,168,.321,156,227,.687,89,340,96,59,27,144,163
165,Marist,9,1,8,.111,-16.74,-7.74,0,1,0,4,1,4,516,597,,370,196,469,.418,78,220,.355,127,182,.698,77,333,129,52,17,119,144
166,Marquette,11,9,2,.818,13.02,3.39,0,0,6,0,1,1,840,734,,440,256,672,.381,69,227,.304,153,239,.640,121,389,122,75,36,141,231
167,Marshall,12,5,7,.417,-1.41,-1.22,0,0,4,3,1,4,915,881,,480,296,739,.401,87,262,.332,202,299,.676,158,488,136,98,36,200,187
168,Maryland-Baltimore County,14,6,8,.429,-9.00,-0.73,0,0,5,1,1,5,976,945,,560,326,773,.422,103,320,.322,190,264,.720,129,493,154,106,50,212,268
169,Maryland-Eastern Shore,14,1,13,.071,-20.43,3.19,0,0,1,1,0,12,755,1016,,560,358,758,.472,110,290,.379,190,271,.701,135,549,213,118,51,225,179
170,Maryland,12,10,2,.833,19.52,6.18,1,1,7,0,0,2,896,736,,480,267,714,.374,91,283,.322,111,173,.642,113,413,150,73,46,169,233
171,Massachusetts-Lowell,13,6,7,.462,-5.24,-5.66,0,0,4,5,2,2,968,920,,525,354,821,.431,89,292,.305,123,197,.624,151,475,172,82,49,173,238
172,Massachusetts,12,6,6,.500,1.26,0.43,0,0,5,2,1,2,847,837,,485,312,680,.459,63,209,.301,150,221,.679,128,442,178,93,30,188,217
173,McNeese State,12,5,7,.417,-6.39,3.11,0,1,5,1,0,6,994,859,,480,309,723,.427,102,299,.341,139,194,.716,135,389,169,97,36,187,216
174,Memphis,11,10,1,.909,17.61,0.52,0,0,7,0,2,0,867,679,,440,234,671,.349,66,242,.273,145,222,.653,139,398,125,85,33,194,231
175,Mercer,13,5,8,.385,-9.54,-4.79,0,1,3,3,2,3,910,959,,520,341,763,.447,100,289,.346,177,253,.700,123,430,179,94,42,173,224
176,Merrimack,12,6,6,.500,-12.66,-4.21,0,0,2,0,3,5,744,743,,480,263,606,.434,59,196,.301,158,225,.702,128,458,177,59,41,209,171
177,Miami (FL),11,8,3,.727,7.90,3.81,0,1,4,1,2,0,832,787,,440,303,682,.444,81,247,.328,100,148,.676,134,424,162,58,42,143,173
178,Miami (OH),12,6,6,.500,-5.03,-2.57,0,0,4,2,1,2,865,857,,480,307,705,.435,88,265,.332,155,251,.618,128,465,131,63,37,154,200
179,Michigan State,12,9,3,.750,21.44,5.27,2,0,4,1,2,0,968,774,,480,269,721,.373,82,268,.306,154,228,.675,114,387,147,78,42,154,225
180,Michigan,12,9,3,.750,18.83,6.83,1,1,6,1,0,2,941,797,,485,314,763,.412,54,196,.276,115,181,.635,134,423,107,71,22,143,187
181,Middle Tennessee,12,4,8,.333,-11.80,3.20,0,0,3,2,1,3,892,907,,480,317,711,.446,110,274,.401,163,221,.738,110,435,177,81,33,186,206
182,Milwaukee,12,5,7,.417,-4.53,0.17,0,0,4,2,0,3,872,859,,495,281,663,.424,90,256,.352,207,286,.724,116,459,155,69,49,193,231
183,Minnesota,11,6,5,.545,16.20,8.20,1,1,5,1,0,3,801,713,,440,258,634,.407,63,193,.326,134,186,.720,107,370,126,68,35,140,183
184,Mississippi State,11,8,3,.727,9.73,1.45,0,0,5,1,1,0,788,697,,440,248,601,.413,82,229,.358,119,168,.708,115,325,131,78,27,150,212
185,Mississippi Valley State,13,1,12,.077,-34.75,0.75,0,0,1,0,0,12,869,1241,,520,455,909,.501,136,376,.362,195,285,.684,172,636,284,90,44,183,168
186,Mississippi,11,8,3,.727,7.02,0.38,0,0,6,1,0,1,792,719,,440,257,599,.429,60,208,.288,145,205,.707,91,356,146,78,39,167,218
187,Missouri-Kansas City,14,7,7,.500,-5.09,2.83,0,0,4,0,1,5,980,949,,560,318,721,.441,74,239,.310,239,309,.773,114,467,158,82,67,220,208
188,Missouri State,13,6,7,.462,1.21,-1.49,0,0,5,1,0,4,882,847,,520,300,728,.412,81,262,.309,166,232,.716,120,397,134,94,39,163,224
189,Missouri,11,7,4,.636,10.14,1.96,0,0,5,1,1,1,725,635,,445,210,567,.370,59,218,.271,156,208,.750,92,349,101,64,26,164,198
190,Monmouth,11,6,5,.545,-7.17,-2.07,0,0,3,0,2,4,721,777,,440,263,607,.433,71,224,.317,180,250,.720,120,423,130,72,31,169,190
191,Montana State,11,6,5,.545,-4.79,-0.46,0,0,3,1,1,4,768,738,,440,265,658,.403,77,264,.292,131,182,.720,110,367,138,80,24,124,191
192,Montana,11,4,7,.364,-2.09,5.36,0,0,4,1,0,6,713,768,,445,263,609,.432,68,210,.324,174,248,.702,92,397,138,81,35,162,187
193,Morehead State,12,5,7,.417,-9.29,-5.02,0,0,4,1,1,6,822,821,,490,293,703,.417,92,290,.317,143,205,.698,119,431,152,76,55,163,195
194,Morgan State,13,5,8,.385,-10.06,2.74,0,0,4,2,1,3,919,960,,535,289,696,.415,94,283,.332,288,404,.713,135,452,144,87,42,194,248
195,Mount St. Mary's,12,3,9,.250,-9.22,-1.40,0,0,2,2,1,7,739,808,,485,286,661,.433,83,233,.356,153,207,.739,107,428,157,65,40,148,186
196,Murray State,11,6,5,.545,1.46,-4.44,0,0,5,0,0,3,815,690,,445,240,603,.398,79,234,.338,131,201,.652,79,324,123,58,50,149,217
197,Navy,10,6,4,.600,-2.99,-4.10,0,0,5,1,1,3,618,577,,410,214,539,.397,69,221,.312,80,120,.667,88,310,118,59,44,126,183
198,Omaha,15,7,8,.467,-3.41,2.52,0,0,6,0,1,7,1070,1134,,605,419,956,.438,129,369,.350,167,244,.684,168,562,238,93,56,174,246
199,Nebraska,12,5,7,.417,0.92,3.09,1,1,3,3,0,3,896,922,,500,355,839,.423,93,321,.290,119,168,.708,181,563,158,69,55,172,220
200,Nevada-Las Vegas,13,5,8,.385,-0.32,1.14,1,0,4,4,1,3,891,910,,545,316,719,.439,105,303,.347,173,229,.755,113,401,191,86,57,156,240
201,Nevada,13,8,5,.615,8.44,4.05,1,0,4,2,1,2,992,935,,520,322,801,.402,86,324,.265,205,299,.686,135,474,148,58,32,136,236
202,New Hampshire,12,6,6,.500,-8.48,-5.28,0,0,4,0,2,6,899,813,,485,284,708,.401,90,273,.330,155,225,.689,97,409,130,82,34,169,219
203,New Mexico State,14,8,6,.571,3.12,1.81,0,0,4,1,1,3,928,865,,565,303,709,.427,80,236,.339,179,233,.768,101,408,129,103,32,209,260
204,New Mexico,14,12,2,.857,7.65,-0.43,2,0,9,0,2,1,1129,1003,,560,377,867,.435,119,375,.317,130,200,.650,144,457,220,100,35,209,293
205,New Orleans,11,4,7,.364,-10.96,6.18,0,2,4,1,0,6,872,810,,440,286,616,.464,70,223,.314,168,229,.734,104,367,176,71,38,191,182
206,Niagara,10,2,8,.200,-13.24,-0.84,0,0,1,1,1,7,679,803,,405,292,594,.492,101,266,.380,118,151,.781,107,386,174,56,25,146,160
207,Nicholls State,13,7,6,.538,-3.45,2.99,1,1,5,0,1,5,1014,886,,525,307,730,.421,65,252,.258,208,296,.703,154,495,170,91,41,266,214
208,NJIT,12,3,9,.250,-12.81,-4.63,0,0,2,2,1,7,806,868,,480,310,687,.451,93,270,.344,155,216,.718,98,431,163,63,50,154,203
209,Norfolk State,14,4,10,.286,-11.22,-2.22,0,0,3,2,0,7,941,901,,565,302,758,.398,94,317,.297,203,272,.746,139,495,201,85,42,225,225
210,North Alabama,12,5,7,.417,-11.21,-5.01,0,0,5,0,0,7,827,830,,480,295,697,.423,66,221,.299,174,257,.677,140,453,127,62,44,171,225
211,North Carolina-Asheville,11,6,5,.545,-3.52,-3.52,0,0,4,1,2,4,895,829,,445,294,568,.518,57,151,.377,184,285,.646,102,395,146,45,30,217,203
212,North Carolina A&T,13,3,10,.231,-11.44,1.18,0,0,2,1,0,7,749,913,,525,308,713,.432,100,308,.325,197,308,.640,140,502,175,95,43,193,239
213,North Carolina Central,13,3,10,.231,-14.66,0.80,0,0,3,0,0,10,829,894,,520,316,713,.443,97,289,.336,165,220,.750,137,451,167,85,44,233,189
214,North Carolina-Greensboro,13,10,3,.769,10.70,0.87,1,0,7,2,3,1,908,732,,520,253,643,.393,83,252,.329,143,228,.627,112,436,123,72,34,225,204
215,North Carolina State,12,9,3,.750,12.88,1.79,1,1,7,1,2,1,981,848,,485,303,705,.430,89,254,.350,153,229,.668,129,433,138,78,48,192,205
216,North Carolina-Wilmington,13,5,8,.385,-11.10,1.80,0,0,4,3,0,4,948,941,,525,356,806,.442,100,305,.328,129,192,.672,128,460,173,88,38,177,209
217,North Carolina,12,7,5,.583,9.32,7.65,1,1,3,2,1,2,839,819,,480,296,743,.398,108,323,.334,119,177,.672,110,422,163,85,39,143,231
218,North Dakota State,13,8,5,.615,-1.36,-3.36,0,0,4,1,3,3,899,835,,520,316,723,.437,81,232,.349,122,167,.731,80,428,127,63,38,146,214
219,North Dakota,13,6,7,.462,-5.90,1.50,0,0,3,0,2,6,1003,928,,520,351,815,.431,95,264,.360,131,201,.652,125,426,161,97,42,148,215
220,North Florida,14,7,7,.500,-1.31,2.69,0,0,5,0,1,6,1111,1075,,560,409,878,.466,86,257,.335,171,245,.698,155,511,238,99,50,179,208
221,North Texas,12,5,7,.417,6.35,4.62,0,0,4,2,1,3,792,734,,480,240,585,.410,67,219,.306,187,257,.728,105,349,121,103,37,180,191
222,Northeastern,12,6,6,.500,0.43,-4.73,0,0,2,2,3,2,864,802,,480,290,645,.450,78,252,.310,144,209,.689,103,345,117,79,34,148,184
223,Northern Arizona,9,6,3,.667,-4.77,0.23,0,0,3,1,2,2,680,605,,360,224,502,.446,59,173,.341,98,136,.721,70,298,103,55,25,135,161
224,Northern Colorado,11,7,4,.636,5.07,-2.16,0,0,4,0,1,3,844,668,,445,261,611,.427,36,142,.254,110,168,.655,85,359,72,55,30,143,178
225,Northern Illinois,13,7,6,.538,-2.39,-3.89,0,0,4,2,3,4,891,825,,520,293,739,.396,93,313,.297,146,190,.768,102,439,156,64,41,158,227
226,Northern Iowa,12,11,1,.917,10.39,1.59,0,0,7,0,3,0,933,764,,485,288,709,.406,81,265,.306,107,157,.682,111,370,103,90,26,140,189
227,Northern Kentucky,12,8,4,.667,3.62,0.52,0,0,5,1,3,3,894,783,,490,294,713,.412,68,255,.267,127,197,.645,125,430,149,77,19,193,216
228,Northwestern State,10,3,7,.300,-17.38,-0.13,1,1,3,1,0,6,665,769,,400,257,597,.430,81,233,.348,174,232,.750,114,379,146,90,27,137,155
229,Northwestern,11,5,6,.455,4.69,2.42,0,2,3,3,1,2,744,719,,440,263,638,.412,79,251,.315,114,169,.675,110,386,162,64,28,131,189
230,Notre Dame,12,8,4,.667,8.70,-2.05,0,2,8,1,0,2,896,767,,485,296,753,.393,91,284,.320,82,138,.594,137,478,154,60,37,165,196
231,Oakland,13,5,8,.385,-2.86,1.89,0,0,2,1,1,5,813,842,,525,306,759,.403,117,376,.311,113,172,.657,119,442,187,101,32,153,245
232,Ohio State,12,11,1,.917,25.24,3.49,1,1,8,0,1,1,950,689,,480,247,701,.352,78,266,.293,117,182,.643,134,378,114,54,26,162,238
233,Ohio,12,8,4,.667,0.31,0.61,0,0,5,1,2,1,877,803,,480,275,669,.411,87,265,.328,166,213,.779,107,382,135,71,24,159,217
234,Oklahoma State,11,8,3,.727,13.90,7.44,0,0,4,2,2,0,782,711,,440,244,640,.381,82,289,.284,141,193,.731,119,405,141,70,34,174,191
235,Oklahoma,11,8,3,.727,9.83,5.55,0,0,4,0,1,2,813,766,,440,274,685,.400,98,302,.325,120,163,.736,109,435,134,55,29,139,191
236,Old Dominion,13,4,9,.308,-1.01,1.30,0,0,3,2,1,4,808,838,,520,275,678,.406,99,295,.336,189,264,.716,96,447,154,68,50,187,190
237,Oral Roberts,12,7,5,.583,4.62,2.62,0,0,6,0,1,5,945,810,,480,294,723,.407,85,270,.315,137,211,.649,119,420,155,62,42,172,227
238,Oregon State,11,9,2,.818,8.95,-3.78,0,0,6,0,1,1,858,718,,440,256,649,.394,80,250,.320,126,178,.708,123,387,140,55,33,155,222
239,Oregon,12,10,2,.833,21.06,8.81,0,0,7,0,1,0,946,799,,490,283,733,.386,91,307,.296,142,187,.759,147,405,146,52,46,157,204
240,Pacific,15,12,3,.800,1.66,-6.42,0,0,9,1,2,1,1062,897,,615,302,758,.398,107,318,.336,186,267,.697,87,380,137,83,29,204,270
241,Penn State,12,10,2,.833,16.19,3.10,1,1,8,0,1,1,955,798,,480,276,718,.384,84,249,.337,162,239,.678,127,441,140,72,26,189,227
242,Pennsylvania,10,6,4,.600,4.27,5.49,0,0,2,0,2,3,792,755,,400,287,651,.441,65,190,.342,116,167,.695,100,365,128,85,31,118,158
243,Pepperdine,13,7,6,.538,0.77,0.24,0,0,5,1,2,2,1025,1018,,520,342,736,.465,109,270,.404,225,315,.714,139,462,202,94,34,198,260
244,Pittsburgh,12,9,3,.750,8.24,1.66,1,1,6,2,1,1,776,697,,480,260,667,.390,88,268,.328,89,127,.701,145,428,139,64,41,193,235
245,Portland State,12,6,6,.500,-1.75,-1.05,0,0,3,1,2,5,960,889,,480,331,726,.456,67,206,.325,160,223,.717,140,431,200,64,43,188,221
246,Portland,15,8,7,.533,-7.40,-5.09,0,0,6,2,2,1,1025,983,,600,367,923,.398,101,347,.291,148,236,.627,187,561,206,102,32,205,285
247,Prairie View,12,3,9,.250,-4.83,3.90,0,0,1,0,1,8,828,886,,485,282,638,.442,80,262,.305,242,343,.706,111,427,160,78,43,207,247
248,Presbyterian,12,2,10,.167,-19.76,-3.31,0,0,1,2,1,6,734,887,,485,311,696,.447,119,325,.366,146,201,.726,129,453,175,80,42,146,162
249,Princeton,11,3,8,.273,-5.54,0.28,0,0,0,4,1,3,794,858,,445,312,624,.500,77,196,.393,157,205,.766,84,344,139,76,39,123,193
250,Providence,13,7,6,.538,6.82,-0.25,0,0,6,1,0,2,945,853,,520,296,711,.416,87,267,.326,174,254,.685,124,479,166,91,50,228,249
251,Purdue,12,7,5,.583,13.70,3.53,1,1,5,1,1,2,806,684,,485,242,622,.389,74,263,.281,126,189,.667,94,376,146,62,37,168,199
252,Quinnipiac,10,5,5,.500,-7.09,-7.29,0,0,3,1,1,3,724,722,,400,267,647,.413,86,244,.352,100,134,.746,114,370,165,53,30,103,158
253,Radford,11,4,7,.364,2.77,4.67,0,0,2,1,1,5,757,725,,440,252,589,.428,80,254,.315,141,216,.653,107,373,133,46,37,132,187
254,Rhode Island,10,7,3,.700,9.45,6.05,0,0,6,0,0,2,752,718,,405,268,638,.420,70,237,.295,112,154,.727,115,388,136,64,33,160,181
255,Rice,12,8,4,.667,-3.24,-0.34,0,0,4,1,2,2,909,880,,480,335,770,.435,80,264,.303,130,196,.663,126,448,136,76,33,153,217
256,Richmond,12,10,2,.833,9.31,0.39,0,0,7,0,2,0,914,807,,490,284,689,.412,88,282,.312,151,215,.702,128,429,128,75,30,165,161
257,Rider,10,7,3,.700,1.11,-3.79,1,0,3,0,2,3,776,727,,400,264,632,.418,90,273,.330,109,171,.637,93,344,133,67,29,133,213
258,Robert Morris,13,4,9,.308,-10.57,-3.16,0,0,2,1,1,8,886,935,,520,337,703,.479,81,257,.315,180,253,.711,126,467,191,91,54,197,191
259,Rutgers,12,9,3,.750,14.35,3.10,1,1,9,0,0,2,859,724,,480,264,684,.386,88,273,.322,108,156,.692,104,375,143,86,49,184,227
260,Sacramento State,9,7,2,.778,0.59,-1.69,0,0,4,0,2,2,570,469,,360,165,471,.350,31,142,.218,108,140,.771,80,289,82,44,27,135,164
261,Sacred Heart,12,7,5,.583,-4.87,-6.23,0,0,2,0,4,4,951,892,,480,340,822,.414,89,279,.319,123,175,.703,159,449,199,86,47,146,218
262,Saint Francis (PA),11,7,4,.636,-0.75,-0.35,0,0,3,1,3,3,847,802,,445,287,637,.451,89,250,.356,139,208,.668,108,371,142,67,39,160,216
263,Saint Joseph's,12,3,9,.250,-5.06,5.03,0,0,2,3,1,3,859,980,,480,345,753,.458,98,245,.400,192,255,.753,131,493,160,81,59,138,206
264,Saint Louis,12,10,2,.833,10.58,1.94,0,0,7,1,1,0,873,765,,480,263,660,.398,88,245,.359,151,234,.645,118,409,145,78,38,173,226
265,Saint Mary's (CA),14,12,2,.857,14.14,2.91,0,0,7,1,1,0,1074,877,,565,335,768,.436,84,247,.340,123,175,.703,109,403,123,55,28,177,226
266,Saint Peter's,9,4,5,.444,-6.43,-2.05,0,0,2,2,2,3,603,617,,365,205,498,.412,62,183,.339,145,202,.718,99,299,120,80,41,141,162
267,Sam Houston State,12,8,4,.667,-2.57,-3.07,2,0,7,0,1,4,986,846,,490,279,696,.401,91,286,.318,197,275,.716,111,412,151,81,40,234,219
268,Samford,14,6,8,.429,-9.95,-1.67,0,0,5,1,1,7,1091,1085,,570,394,920,.428,120,395,.304,177,266,.665,189,554,241,108,43,220,259
269,San Diego State,12,12,0,1.000,21.74,3.10,2,0,6,0,3,0,924,675,,480,231,636,.363,68,259,.263,145,201,.721,101,373,128,66,22,180,219
270,San Diego,14,6,8,.429,-1.01,0.64,0,0,4,2,2,3,923,946,,565,346,817,.424,80,267,.300,174,249,.699,120,491,160,97,43,189,245
271,San Francisco,14,11,3,.786,7.53,-0.86,0,0,7,1,3,2,1151,991,,565,358,790,.453,89,238,.374,186,253,.735,106,447,128,77,44,197,245
272,San Jose State,13,3,10,.231,-9.40,5.68,0,2,2,5,1,4,854,1010,,520,378,820,.461,79,242,.326,175,268,.653,144,500,220,107,39,157,249
273,Santa Clara,14,12,2,.857,1.29,-5.79,0,0,12,0,0,2,1112,935,,560,316,791,.399,85,259,.328,218,312,.699,123,478,169,100,23,227,263
274,Seattle,14,7,7,.500,-7.61,-3.52,0,0,5,2,0,4,1004,985,,560,339,810,.419,97,319,.304,210,300,.700,118,491,164,80,40,188,270
275,Seton Hall,12,8,4,.667,17.30,6.80,0,0,5,1,1,2,897,771,,480,268,687,.390,71,233,.305,164,249,.659,137,445,128,82,48,197,214
276,Siena,9,4,5,.444,-1.60,-0.93,1,0,4,0,0,5,664,670,,375,243,536,.453,72,205,.351,112,159,.704,65,301,115,53,42,118,169
277,South Alabama,12,6,6,.500,-1.69,0.82,0,2,4,3,0,2,914,882,,485,327,712,.459,86,241,.357,142,203,.700,128,408,149,71,41,162,205
278,South Carolina State,11,4,7,.364,-17.03,-0.25,0,0,4,1,0,6,759,871,,445,320,668,.479,97,257,.377,134,196,.684,109,377,143,69,36,127,199
279,South Carolina Upstate,12,4,8,.333,-15.08,-0.48,0,0,3,1,1,7,798,885,,480,297,643,.462,90,256,.352,201,265,.758,103,439,158,70,34,177,186
280,South Carolina,12,8,4,.667,6.65,0.98,0,0,5,2,3,0,847,779,,480,244,637,.383,82,266,.308,209,285,.733,114,400,139,70,39,192,227
281,South Dakota State,15,9,6,.600,-1.24,-4.24,0,0,8,0,1,6,1114,1034,,610,383,924,.415,105,335,.313,163,250,.652,168,531,165,106,51,195,293
282,South Dakota,14,9,5,.643,-2.10,-2.18,0,0,5,1,2,3,1070,1018,,560,371,832,.446,94,270,.348,182,250,.728,106,425,154,81,38,145,273
283,South Florida,12,6,6,.500,3.91,0.83,0,0,5,2,0,0,773,736,,485,256,571,.448,86,239,.360,138,207,.667,78,353,132,77,27,209,204
284,Southeast Missouri State,12,3,9,.250,-11.22,-1.59,0,0,2,1,0,7,763,868,,480,306,670,.457,100,276,.362,156,234,.667,108,442,181,74,42,170,230
285,Southeastern Louisiana,11,3,8,.273,-13.33,-1.08,0,1,3,1,0,6,772,851,,445,303,652,.465,75,236,.318,170,247,.688,137,438,169,81,32,192,184
286,Southern California,12,10,2,.833,9.26,2.51,0,0,5,1,2,0,912,831,,480,295,752,.392,104,302,.344,137,194,.706,124,425,146,91,31,166,234
287,SIU Edwardsville,12,2,10,.167,-19.89,-3.98,0,0,1,3,1,7,738,904,,480,302,656,.460,103,273,.377,197,254,.776,124,441,194,72,36,170,180
288,Southern Illinois,13,6,7,.462,-1.58,-3.08,0,0,5,1,0,4,836,790,,520,290,706,.411,74,251,.295,136,199,.683,149,458,147,88,31,177,220
289,Southern Methodist,11,9,2,.818,5.99,-4.20,0,0,7,1,2,1,843,731,,450,256,655,.391,96,296,.324,123,166,.741,114,359,151,71,41,140,205
290,Southern Mississippi,13,4,9,.308,-4.13,7.17,0,0,4,2,0,4,901,957,,520,320,713,.449,113,322,.351,204,277,.736,117,431,171,87,38,183,174
291,Southern Utah,11,7,4,.636,1.76,-0.13,0,0,4,0,2,4,847,700,,450,241,628,.384,60,214,.280,158,218,.725,87,345,115,72,39,174,199
292,Southern,13,3,10,.231,-14.03,1.43,0,0,2,0,0,10,894,981,,525,325,694,.468,91,254,.358,240,349,.688,122,452,171,74,49,176,214
293,St. Bonaventure,12,8,4,.667,1.27,-2.55,0,0,4,2,2,2,812,745,,480,251,630,.398,81,261,.310,162,241,.672,119,405,141,62,29,167,201
294,St. Francis (NY),12,6,6,.500,-13.80,-7.43,0,0,5,0,1,6,875,881,,480,301,691,.436,82,228,.360,197,275,.716,124,454,143,71,31,180,221
295,St. John's (NY),13,11,2,.846,11.04,-1.96,0,0,9,1,0,0,1037,868,,520,303,793,.382,102,332,.307,160,255,.627,160,507,166,76,45,233,257
296,Stanford,12,11,1,.917,13.76,-2.24,0,0,8,0,1,0,884,692,,480,259,673,.385,77,265,.291,97,161,.602,106,384,119,73,40,199,222
297,Stephen F. Austin,12,10,2,.833,8.18,-1.42,2,0,7,0,3,2,997,817,,485,246,587,.419,92,246,.374,233,335,.696,96,363,142,97,49,285,253
298,Stetson,14,5,9,.357,-13.08,-2.41,0,0,3,3,1,5,922,980,,560,333,809,.412,143,407,.351,171,240,.713,147,463,207,86,42,160,246
299,Stony Brook,14,8,6,.571,-0.86,-1.09,0,0,3,1,3,5,972,922,,570,329,853,.386,123,337,.365,141,200,.705,149,501,185,89,45,176,220
300,Syracuse,12,7,5,.583,11.51,3.76,1,1,6,2,1,1,884,791,,480,262,674,.389,104,344,.302,163,221,.738,145,439,188,75,26,177,203
301,Temple,11,8,3,.727,14.10,3.46,0,0,4,1,2,0,802,685,,440,240,663,.362,90,319,.282,115,170,.676,112,408,128,66,42,158,189
302,Tennessee-Martin,10,3,7,.300,-13.05,2.62,0,0,1,1,1,4,758,841,,400,313,617,.507,114,265,.430,101,148,.682,116,361,177,59,31,128,168
303,Tennessee State,13,8,5,.615,-1.59,-2.50,0,0,5,0,1,5,976,917,,520,304,740,.411,93,286,.325,216,301,.718,126,406,131,88,27,184,236
304,Tennessee Tech,12,3,9,.250,-14.54,0.86,0,0,2,3,1,4,745,847,,485,314,692,.454,98,280,.350,121,176,.688,120,433,171,97,37,178,149
305,Tennessee,11,8,3,.727,14.01,2.28,0,0,6,1,0,1,758,629,,440,233,612,.381,57,181,.315,106,164,.646,100,364,104,78,33,158,206
306,Texas A&M-Corpus Christi,12,4,8,.333,-11.56,-3.66,0,2,3,3,1,5,743,784,,480,280,668,.419,86,277,.310,138,196,.704,116,384,141,87,50,143,193
307,Texas A&M,10,5,5,.500,-3.03,0.67,0,0,5,1,0,0,577,614,,400,223,573,.389,81,278,.291,87,125,.696,110,360,132,70,29,148,178
308,Texas-Arlington,13,4,9,.308,3.19,7.01,0,2,3,2,1,6,910,901,,520,312,775,.403,103,305,.338,174,255,.682,143,505,151,65,47,163,213
309,Texas Christian,11,8,3,.727,10.80,0.70,0,0,7,2,0,0,796,674,,445,242,596,.406,82,220,.373,108,169,.639,106,374,163,60,33,200,166
310,Texas-El Paso,13,9,4,.692,3.16,1.16,0,0,8,0,0,3,898,821,,520,289,712,.406,74,252,.294,169,249,.679,127,443,127,84,35,210,236
311,Texas-Rio Grande Valley,12,4,8,.333,-10.53,-0.75,0,0,4,1,0,5,844,812,,490,276,616,.448,71,205,.346,189,278,.680,101,425,155,73,22,219,201
312,Texas-San Antonio,12,5,7,.417,-4.40,1.30,0,0,4,1,1,2,911,903,,480,323,703,.459,85,260,.327,172,251,.685,111,453,135,58,41,192,213
313,Texas Southern,11,3,8,.273,-6.13,9.97,0,0,2,0,1,8,759,882,,450,309,712,.434,87,256,.340,177,243,.728,138,464,156,90,43,167,214
314,Texas State,13,7,6,.538,1.35,-0.75,0,2,6,1,1,5,960,827,,520,268,706,.380,103,295,.349,188,264,.712,150,458,137,77,51,201,250
315,Texas Tech,11,8,3,.727,13.47,0.75,0,0,6,0,0,1,841,701,,450,251,629,.399,78,235,.332,121,178,.680,89,360,133,71,27,184,229
316,Texas,11,9,2,.818,8.28,2.19,0,0,6,0,1,1,739,672,,440,246,594,.414,59,176,.335,121,193,.627,111,377,109,67,27,171,158
317,Toledo,12,8,4,.667,3.09,-5.36,0,0,5,1,3,3,953,801,,485,295,764,.386,91,284,.320,120,180,.667,147,450,151,87,48,167,243
318,Towson,12,6,6,.500,1.04,2.04,0,0,3,1,1,2,843,785,,490,274,673,.407,87,284,.306,150,214,.701,112,394,140,53,40,155,205
319,Troy,13,5,8,.385,-7.98,-3.16,1,1,4,3,1,5,924,899,,525,305,738,.413,109,335,.325,180,270,.667,149,505,176,91,42,209,228
320,Tulane,12,8,4,.667,0.99,-4.26,0,0,5,0,1,0,876,813,,485,301,678,.444,109,309,.353,102,158,.646,121,443,181,56,30,209,229
321,Tulsa,12,8,4,.667,3.32,-2.68,0,0,7,1,1,2,890,818,,495,282,692,.408,95,312,.304,159,220,.723,125,418,151,95,38,174,213
322,UCLA,12,7,5,.583,5.97,2.52,0,0,6,1,0,1,869,805,,480,270,647,.417,92,254,.362,173,239,.724,96,368,120,68,34,161,234
323,Utah State,14,12,2,.857,15.72,1.41,2,0,7,0,1,1,1098,867,,570,320,826,.387,96,319,.301,131,199,.658,118,449,139,98,56,187,276
324,Utah Valley,14,5,9,.357,-8.06,-3.39,0,0,2,3,3,6,979,987,,560,356,832,.428,75,227,.330,200,264,.758,120,500,157,76,52,186,249
325,Utah,12,9,3,.750,11.14,1.22,0,0,5,0,1,1,951,832,,485,316,768,.411,90,275,.327,110,158,.696,125,396,153,76,41,149,259
326,Valparaiso,13,7,6,.538,0.64,-0.20,0,0,4,0,2,3,992,955,,525,357,741,.482,86,243,.354,155,232,.668,111,449,172,91,41,222,221
327,Vanderbilt,11,7,4,.636,5.00,-3.36,0,0,7,2,0,1,873,781,,445,273,619,.441,70,204,.343,165,226,.730,105,372,128,66,22,170,206
328,Vermont,13,8,5,.615,5.92,0.92,0,0,4,1,3,3,874,765,,520,257,717,.358,87,295,.295,164,238,.689,131,475,133,79,36,162,233
329,Villanova,11,9,2,.818,15.41,5.23,0,0,5,0,1,1,860,748,,440,289,651,.444,77,224,.344,93,145,.641,101,357,143,71,33,139,189
330,Virginia Commonwealth,12,9,3,.750,10.80,2.14,0,0,8,0,1,1,858,754,,480,273,659,.414,76,224,.339,132,189,.698,134,438,116,86,38,233,218
331,VMI,13,5,8,.385,-7.57,-4.17,0,1,4,2,0,5,949,823,,535,300,707,.424,83,253,.328,140,214,.654,126,443,166,70,45,192,174
332,Virginia Tech,12,9,3,.750,11.66,1.99,1,1,7,1,1,0,873,757,,480,283,698,.405,104,334,.311,87,131,.664,109,416,160,49,26,155,174
333,Virginia,11,9,2,.818,10.27,2.55,2,0,6,1,1,1,597,512,,440,186,544,.342,71,263,.270,69,106,.651,84,329,84,75,26,151,145
334,Wagner,10,3,7,.300,-11.58,-0.02,0,0,2,1,1,6,734,808,,410,267,567,.471,87,236,.369,187,278,.673,94,369,155,74,35,147,199
335,Wake Forest,12,7,5,.583,6.17,4.34,0,2,4,1,0,3,891,869,,485,312,717,.435,79,236,.335,166,239,.695,107,425,149,92,48,149,255
336,Washington State,12,8,4,.667,3.15,-5.11,0,0,5,1,1,1,887,788,,480,291,677,.430,67,218,.307,139,205,.678,104,440,114,57,32,199,219
337,Washington,13,10,3,.769,13.13,3.29,0,0,7,1,1,0,968,840,,520,304,799,.380,97,309,.314,135,188,.718,146,434,175,78,25,185,244
338,Weber State,11,4,7,.364,-11.49,5.01,0,0,3,1,1,2,791,756,,440,287,636,.451,83,251,.331,99,139,.712,73,342,168,68,23,149,175
339,West Virginia,11,10,1,.909,17.82,4.55,0,0,6,0,2,1,831,685,,440,234,646,.362,56,228,.246,161,229,.703,120,372,94,82,27,160,246
340,Western Carolina,11,8,3,.727,1.47,-1.83,1,0,5,0,3,3,866,809,,450,293,662,.443,71,237,.300,152,220,.691,107,368,123,76,46,160,223
341,Western Illinois,10,3,7,.300,-12.53,-2.16,0,0,2,4,1,3,785,790,,400,286,626,.457,84,226,.372,134,195,.687,96,382,121,53,28,131,155
342,Western Kentucky,11,7,4,.636,5.12,0.82,0,0,5,0,1,2,884,798,,450,300,715,.420,81,268,.302,117,162,.722,134,386,136,65,29,142,207
343,Western Michigan,12,7,5,.583,-8.43,-4.23,0,0,5,1,2,2,881,854,,495,304,714,.426,84,264,.318,162,249,.651,125,453,124,68,36,156,261
344,Wichita State,11,10,1,.909,16.68,1.87,0,0,8,0,1,0,843,680,,440,234,616,.380,74,223,.332,138,216,.639,99,375,111,66,41,182,213
345,William & Mary,13,8,5,.615,-3.25,-3.33,0,0,4,0,4,4,955,894,,520,331,801,.413,84,265,.317,148,209,.708,106,418,143,89,48,128,206
346,Winthrop,13,6,7,.462,0.71,1.25,0,0,4,2,2,5,1017,935,,520,321,748,.429,106,298,.356,187,283,.661,116,445,175,94,49,191,251
347,Wisconsin,11,6,5,.545,12.04,6.32,1,1,6,0,0,2,764,701,,445,261,608,.429,71,197,.360,108,155,.697,87,341,119,57,32,131,198
348,Wofford,13,8,5,.615,-0.58,-1.49,0,0,5,1,3,4,971,892,,520,317,697,.455,94,263,.357,164,230,.713,115,404,173,72,33,157,202
349,Wright State,13,10,3,.769,3.09,-5.64,0,0,5,2,3,0,1050,898,,530,344,849,.405,94,290,.324,116,168,.690,147,485,121,68,38,192,244
350,Wyoming,13,4,9,.308,-6.99,-0.53,0,2,3,6,1,1,769,853,,530,306,736,.416,104,312,.333,137,231,.593,124,483,149,87,38,155,240
351,Xavier,13,11,2,.846,13.49,3.72,0,0,8,0,1,1,955,828,,535,292,756,.386,77,264,.292,167,234,.714,132,457,134,85,36,202,248
352,Yale,13,10,3,.769,8.99,1.40,0,0,3,0,5,3,955,807,,550,291,794,.366,84,311,.270,141,189,.746,116,440,146,104,39,169,224
353,Youngstown State,13,7,6,.538,-6.56,-3.74,0,0,6,1,1,5,921,878,,520,320,769,.416,91,270,.337,147,212,.693,128,468,160,69,35,176,220