Rk,School,G-O,W-O,L-O,W-L%-O,SRS,SOS,W-C,L-C,W-H,L-H,W-A,L-A,Tm.,Opp.,,MP,FG,FGA,FG%,3P,3PA,3P%,FT,FTA,FT%,ORB,TRB,AST,STL,BLK,TOV,PF
1,Abilene Christian,12,7,5,.583,-4.22,-2.72,2,0,6,1,1,4,933,725,,485,335,742,.451,81,273,.297,182,243,.749,146,439,198,120,27,157,234
2,Air Force,13,6,7,.462,-3.08,-1.83,1,1,3,3,3,1,986,944,,520,325,672,.484,115,282,.408,221,290,.762,78,391,175,63,28,158,210
3,Akron,12,9,3,.750,6.25,-1.65,0,0,7,0,1,2,906,760,,480,302,703,.430,114,314,.363,188,249,.755,125,474,171,62,43,169,201
4,Alabama A&M,10,3,7,.300,-14.93,-1.03,0,0,3,0,0,7,677,816,,405,249,621,.401,68,226,.301,111,153,.725,86,312,109,70,21,112,186
5,Alabama-Birmingham,12,8,4,.667,-0.04,-2.13,0,0,5,2,1,2,778,743,,480,280,639,.438,66,197,.335,152,211,.720,137,456,128,68,38,186,206
6,Alabama State,12,1,11,.083,-17.02,3.40,0,0,0,0,0,8,685,930,,480,241,656,.367,75,254,.295,128,190,.674,88,336,104,81,24,186,241
7,Alabama,11,6,5,.545,9.63,5.18,0,0,3,1,1,2,903,854,,440,311,702,.443,121,331,.366,160,227,.705,123,437,164,77,47,183,210
8,Albany (NY),14,6,8,.429,-8.37,-5.14,0,0,4,2,0,6,934,950,,560,322,758,.425,98,311,.315,192,275,.698,108,485,195,72,46,198,230
9,Alcorn State,10,4,6,.400,-13.57,5.76,0,0,4,0,0,6,786,717,,405,285,663,.430,103,278,.371,113,158,.715,134,405,153,96,31,147,179
10,American,10,4,6,.400,-5.76,-5.66,0,0,2,2,2,4,737,738,,400,272,585,.465,79,203,.389,114,169,.675,90,330,129,71,37,131,178
11,Appalachian State,12,8,4,.667,2.47,-1.53,2,0,4,0,3,3,843,744,,480,297,670,.443,79,254,.311,170,266,.639,120,451,141,99,34,155,182
12,Arizona State,12,8,4,.667,9.65,3.15,0,0,5,1,2,0,876,798,,480,314,744,.422,75,261,.287,173,250,.692,116,447,129,103,38,150,218
13,Arizona,13,10,3,.769,22.43,4.05,0,0,7,1,0,1,1088,849,,520,381,774,.492,97,258,.376,229,306,.748,128,485,222,94,54,153,255
14,Little Rock,13,8,5,.615,0.50,-1.09,2,0,4,1,4,4,884,847,,520,309,687,.450,71,215,.330,195,284,.687,138,464,173,99,37,216,245
15,Arkansas-Pine Bluff,11,1,10,.091,-20.00,6.20,0,0,1,0,0,10,550,804,,440,204,529,.386,41,142,.289,101,155,.652,84,320,102,88,25,220,213
16,Arkansas State,12,9,3,.750,-2.09,-1.91,2,0,6,1,3,2,816,802,,480,285,626,.455,64,181,.354,182,257,.708,103,373,173,88,33,163,229
17,Arkansas,11,10,1,.909,16.44,0.81,0,0,8,0,1,1,826,654,,450,289,640,.452,79,264,.299,169,227,.744,82,384,145,109,58,151,197
18,Army,11,5,6,.455,-14.60,-7.50,0,0,3,2,2,4,769,803,,445,292,626,.466,86,260,.331,99,179,.553,79,389,186,70,15,163,173
19,Auburn,11,11,0,1.000,18.84,3.21,0,0,6,0,1,0,900,728,,445,311,673,.462,93,288,.323,185,285,.649,148,463,158,78,68,148,188
20,Austin Peay,12,6,6,.500,-1.93,1.07,0,0,5,0,0,5,936,904,,480,329,700,.470,74,232,.319,204,277,.736,140,411,152,89,42,171,235
21,Ball State,13,7,6,.538,5.27,-2.90,0,0,3,3,2,1,937,795,,520,333,760,.438,126,364,.346,145,223,.650,131,466,191,95,46,171,190
22,Baylor,10,9,1,.900,18.52,2.52,0,0,5,0,0,0,766,606,,400,274,622,.441,87,245,.355,131,187,.701,135,383,154,90,52,122,165
23,Belmont,12,8,4,.667,5.91,-4.18,0,0,5,0,3,3,978,818,,480,370,775,.477,126,341,.370,112,159,.704,107,473,218,88,48,163,185
24,Bethune-Cookman,13,6,7,.462,-9.71,-3.61,0,0,3,0,1,7,948,905,,520,340,811,.419,81,252,.321,187,263,.711,149,504,169,104,44,187,257
25,Binghamton,12,5,7,.417,-14.72,-3.54,0,0,4,1,1,6,836,938,,485,310,746,.416,115,349,.330,101,149,.678,136,444,144,50,38,162,187
26,Boise State,13,8,5,.615,5.55,2.46,1,1,5,1,1,3,1021,907,,540,351,775,.453,110,319,.345,209,285,.733,109,462,181,79,19,156,199
27,Boston College,13,8,5,.615,3.19,1.03,2,0,5,4,2,1,879,851,,520,311,754,.412,95,297,.320,162,237,.684,118,450,177,118,35,192,201
28,Boston University,12,5,7,.417,-5.13,-1.41,0,0,3,1,2,4,833,846,,485,316,716,.441,77,256,.301,124,189,.656,121,425,139,67,23,147,188
29,Bowling Green State,12,8,4,.667,0.86,-0.64,0,0,5,0,0,1,913,855,,490,329,789,.417,96,296,.324,159,216,.736,138,499,167,78,32,133,223
30,Bradley,12,8,4,.667,4.43,-2.39,0,0,7,0,0,3,865,757,,480,311,718,.433,81,221,.367,162,233,.695,156,492,187,61,45,150,189
31,Brigham Young,14,10,4,.714,17.33,8.02,0,0,5,1,1,2,1089,933,,570,407,823,.495,147,359,.409,128,183,.699,87,472,241,71,25,172,232
32,Brown,10,5,5,.500,-6.85,-4.25,0,0,4,1,1,4,695,721,,400,247,607,.407,75,239,.314,126,177,.712,148,406,129,69,46,162,182
33,Bryant,12,8,4,.667,-1.24,-4.78,0,0,4,1,4,3,892,804,,485,326,764,.427,112,347,.323,128,195,.656,145,504,178,101,57,176,228
34,Bucknell,12,4,8,.333,-8.98,0.77,0,0,2,1,1,5,834,951,,480,292,705,.414,99,298,.332,151,205,.737,113,389,140,69,36,171,234
35,Buffalo,12,8,4,.667,0.68,-0.96,0,0,4,2,1,1,967,912,,480,359,805,.446,114,332,.343,135,219,.616,180,501,208,111,50,175,223
36,Butler,12,11,1,.917,17.88,3.55,0,0,7,0,1,1,833,661,,480,301,624,.482,84,229,.367,147,207,.710,94,398,173,62,32,125,192
37,Cal Poly,12,2,10,.167,-11.88,2.76,0,0,2,2,0,6,750,867,,480,277,656,.422,74,216,.343,122,186,.656,92,359,119,71,17,168,229
38,Cal State Bakersfield,14,6,8,.429,-6.90,-0.53,0,0,5,3,1,5,1024,974,,575,386,843,.458,70,223,.314,182,262,.695,195,548,176,97,45,205,304
39,Cal State Fullerton,13,3,10,.231,-8.18,0.73,0,0,1,4,1,5,779,866,,520,282,703,.401,65,237,.274,150,224,.670,94,428,134,74,41,174,230
40,Cal State Northridge,13,3,10,.231,-10.24,2.68,0,0,2,2,1,7,922,1042,,520,330,775,.426,103,286,.360,159,225,.707,121,424,176,77,34,171,228
41,California Baptist,12,8,4,.667,0.29,-6.89,0,0,7,2,1,2,983,848,,485,328,727,.451,125,323,.387,202,262,.771,132,498,180,44,39,163,213
42,UC-Davis,14,5,9,.357,-6.02,-1.09,0,0,3,0,1,7,981,999,,570,349,765,.456,97,269,.361,186,235,.791,97,420,182,78,26,191,253
43,UC-Irvine,14,7,7,.500,1.41,0.74,0,0,3,1,2,5,1052,941,,560,394,835,.472,79,255,.310,185,251,.737,158,575,221,93,52,219,271
44,UC-Riverside,13,8,5,.615,-2.00,-5.91,0,0,6,1,2,4,846,737,,520,308,700,.440,104,312,.333,126,183,.689,111,489,171,66,31,178,239
45,UC-Santa Barbara,13,9,4,.692,0.04,-4.38,0,0,6,1,3,3,944,872,,525,332,714,.465,85,251,.339,195,259,.753,144,468,181,57,36,156,226
46,University of California,12,6,6,.500,0.87,4.45,0,0,6,1,0,2,793,836,,485,281,612,.459,64,165,.388,167,231,.723,88,390,118,49,31,163,221
47,Campbell,11,8,3,.727,-5.36,-6.91,0,0,4,0,3,2,793,702,,445,295,651,.453,90,275,.327,113,145,.779,85,341,167,94,25,138,193
48,Canisius,11,5,6,.455,-5.74,-5.83,0,1,3,0,1,5,780,779,,440,278,623,.446,66,210,.314,158,228,.693,109,366,157,94,20,172,218
49,Central Arkansas,12,3,9,.250,-13.56,4.44,2,0,3,1,0,7,864,1042,,495,287,711,.404,82,277,.296,208,311,.669,120,458,161,58,72,228,246
50,Central Connecticut State,12,0,12,.000,-23.63,-0.63,0,0,0,3,0,7,680,956,,480,240,662,.363,71,218,.326,129,214,.603,91,377,111,81,35,193,221
51,Central Florida,12,9,3,.750,4.80,-1.21,0,0,6,1,1,1,859,787,,480,316,735,.430,81,265,.306,146,213,.685,156,476,174,74,44,160,170
52,Central Michigan,12,7,5,.583,-2.18,-3.63,0,0,7,0,0,5,1055,899,,480,367,802,.458,106,304,.349,215,298,.721,140,466,170,123,21,140,178
53,Charleston Southern,11,5,6,.455,-16.74,-0.64,0,0,3,1,2,4,680,813,,440,245,650,.377,63,246,.256,127,184,.690,117,366,119,72,21,161,180
54,Charlotte,11,6,5,.545,3.37,-3.26,0,0,5,1,1,4,768,695,,450,271,592,.458,63,201,.313,163,220,.741,79,384,134,100,42,158,173
55,Chattanooga,13,8,5,.615,-3.34,-1.76,0,1,4,0,2,5,913,884,,525,333,773,.431,110,320,.344,137,202,.678,134,456,180,65,20,165,214
56,Chicago State,14,4,10,.286,-26.27,-1.54,0,0,3,3,1,5,957,1161,,560,330,775,.426,90,267,.337,207,286,.724,122,451,155,85,40,250,296
57,Cincinnati,12,7,5,.583,9.56,4.81,0,0,5,1,0,2,887,830,,495,308,692,.445,75,244,.307,196,292,.671,127,459,167,74,50,181,223
58,Citadel,12,6,6,.500,-10.17,-0.62,0,1,3,3,3,3,1021,950,,495,365,798,.457,130,362,.359,161,230,.700,125,466,208,98,26,184,200
59,Clemson,12,6,6,.500,8.17,2.67,0,2,5,3,0,2,803,737,,485,284,679,.418,100,312,.321,135,194,.696,104,404,147,92,25,156,170
60,Cleveland State,13,4,9,.308,-14.20,1.30,0,0,2,3,0,6,790,951,,520,278,706,.394,50,193,.259,184,276,.667,141,461,143,107,34,237,273
61,Coastal Carolina,13,8,5,.615,1.67,-1.69,1,1,5,3,3,1,1066,958,,520,375,793,.473,108,266,.406,208,297,.700,167,529,187,107,52,202,261
62,Colgate,13,9,4,.692,-1.64,-2.22,0,0,5,0,3,4,974,928,,525,365,799,.457,135,392,.344,109,138,.790,117,446,187,72,37,158,199
63,College of Charleston,12,6,6,.500,1.77,2.59,0,0,4,2,1,2,825,808,,480,292,667,.438,77,247,.312,164,223,.735,100,401,121,79,30,146,211
64,Colorado State,14,8,6,.571,4.19,3.90,0,2,4,3,1,2,1015,1011,,580,355,777,.457,101,298,.339,204,304,.671,111,485,203,93,26,194,224
65,Colorado,12,10,2,.833,14.17,5.75,0,0,5,1,1,1,834,733,,485,273,665,.411,84,246,.341,204,275,.742,141,466,150,83,48,181,169
66,Columbia,12,3,9,.250,-7.71,-0.79,0,0,2,0,0,8,785,868,,480,297,733,.405,97,296,.328,94,140,.671,98,418,149,59,38,152,176
67,Connecticut,11,8,3,.727,11.82,0.37,0,0,6,1,0,0,823,697,,450,286,660,.433,82,231,.355,169,234,.722,132,425,148,78,72,155,193
68,Coppin State,13,4,9,.308,-8.37,0.70,0,0,1,1,3,8,899,1017,,525,314,828,.379,106,380,.279,165,245,.673,128,492,125,94,32,180,252
69,Cornell,10,1,9,.100,-8.47,-3.47,0,0,1,2,0,7,650,700,,405,239,581,.411,65,249,.261,107,146,.733,108,346,136,68,23,117,154
70,Creighton,12,10,2,.833,12.28,3.45,0,0,8,0,1,1,935,829,,485,336,720,.467,117,311,.376,146,202,.723,101,434,175,80,27,144,190
71,Dartmouth,13,7,6,.538,-4.46,-6.04,0,0,3,1,3,4,885,817,,530,329,729,.451,103,313,.329,124,195,.636,98,478,173,61,37,161,215
72,Davidson,11,6,5,.545,9.34,4.16,0,0,3,0,2,1,772,715,,440,282,612,.461,97,275,.353,111,145,.766,72,332,138,68,21,122,180
73,Dayton,12,10,2,.833,20.86,3.36,0,0,7,0,0,0,1005,795,,490,371,695,.534,118,298,.396,145,209,.694,103,413,235,69,42,154,202
74,Delaware State,13,1,12,.077,-20.82,-2.48,0,0,1,4,0,7,932,1115,,520,328,803,.408,97,301,.322,179,249,.719,119,424,142,99,21,196,268
75,Delaware,13,10,3,.769,0.60,-4.74,0,0,4,0,2,2,981,871,,525,365,746,.489,101,270,.374,150,205,.732,90,457,172,77,39,162,206
76,Denver,14,4,10,.286,-12.29,-1.52,0,0,3,3,0,6,895,1018,,565,328,757,.433,71,214,.332,168,271,.620,101,460,162,88,32,214,272
77,DePaul,13,12,1,.923,9.76,-0.41,0,0,8,1,4,0,1003,852,,525,374,786,.476,86,246,.350,169,270,.626,146,506,197,124,75,195,249
78,Detroit Mercy,12,2,10,.167,-12.83,0.34,0,0,1,3,0,6,801,959,,480,257,706,.364,111,337,.329,176,222,.793,125,410,120,74,33,164,204
79,Drake,13,10,3,.769,0.49,-2.24,0,0,7,0,1,2,932,839,,520,339,738,.459,99,283,.350,155,224,.692,115,451,194,86,44,178,215
80,Drexel,13,7,6,.538,-3.93,-0.68,0,0,5,1,0,5,905,911,,525,320,730,.438,101,285,.354,164,240,.683,145,478,197,77,51,218,212
81,Duke,11,10,1,.909,26.05,7.23,1,0,5,1,2,0,920,713,,445,332,700,.474,78,220,.355,178,256,.695,154,456,179,99,71,152,184
82,Duquesne,11,10,1,.909,11.70,-2.85,0,0,5,0,0,0,818,658,,440,288,621,.464,86,276,.312,156,196,.796,102,376,155,90,63,137,179
83,East Carolina,12,5,7,.417,-4.35,-3.85,0,0,4,2,0,3,852,858,,480,289,692,.418,62,223,.278,212,285,.744,129,437,157,72,37,160,258
84,East Tennessee State,13,11,2,.846,8.24,-1.12,1,0,7,0,4,2,1023,835,,520,361,748,.483,110,300,.367,191,277,.690,154,483,191,110,60,170,231
85,Eastern Illinois,12,7,5,.583,-0.24,-6.54,0,0,3,0,3,4,931,775,,480,343,744,.461,84,244,.344,161,227,.709,145,474,184,100,50,169,205
86,Eastern Kentucky,12,3,9,.250,-16.88,-0.88,0,0,3,2,0,5,880,918,,480,299,774,.386,101,326,.310,181,250,.724,135,415,146,128,27,197,244
87,Eastern Michigan,11,9,2,.818,-4.50,-0.38,0,0,5,0,2,2,746,672,,440,251,579,.434,66,215,.307,178,279,.638,123,388,117,122,34,167,185
88,Eastern Washington,11,7,4,.636,3.86,2.20,0,0,5,0,2,4,984,830,,440,368,767,.480,113,320,.353,135,197,.685,131,455,208,97,38,150,219
89,Elon,13,4,9,.308,-11.45,-0.75,0,0,4,3,0,6,882,911,,525,303,760,.399,133,357,.373,143,197,.726,103,453,172,65,29,169,253
90,Evansville,13,9,4,.692,-3.93,-3.35,0,0,5,1,3,1,1015,1004,,540,338,743,.455,114,319,.357,225,304,.740,96,438,180,61,33,174,227
91,Fairfield,10,3,7,.300,-4.67,-0.27,0,0,0,3,2,2,611,655,,415,227,552,.411,62,191,.325,95,138,.688,83,323,101,65,23,138,161
92,Fairleigh Dickinson,11,2,9,.182,-13.33,-0.43,0,0,2,1,0,8,739,819,,440,271,638,.425,69,226,.305,128,180,.711,102,345,110,69,41,134,178
93,Florida A&M,10,1,9,.100,-11.98,3.62,0,0,0,0,1,7,592,748,,400,222,569,.390,30,112,.268,118,187,.631,95,318,87,76,18,156,196
94,Florida Atlantic,12,8,4,.667,-4.79,-6.13,0,0,7,1,1,3,879,802,,485,308,709,.434,102,289,.353,161,242,.665,145,456,147,96,28,175,200
95,Florida Gulf Coast,14,3,11,.214,-15.28,-2.53,0,0,3,5,0,6,856,973,,565,303,806,.376,103,352,.293,147,209,.703,158,502,184,94,64,239,242
96,Florida International,12,9,3,.750,0.72,-8.51,0,0,5,0,3,2,1009,845,,480,367,764,.480,123,336,.366,152,224,.679,128,456,204,129,89,197,237
97,Florida State,12,10,2,.833,16.76,3.85,1,1,6,0,1,2,908,753,,485,320,692,.462,85,255,.333,183,244,.750,125,413,156,116,63,160,212
98,Florida,11,7,4,.636,13.06,7.61,0,0,3,1,0,2,748,688,,440,264,613,.431,65,217,.300,155,217,.714,117,402,117,67,41,134,190
99,Fordham,11,5,6,.455,-4.41,-6.51,0,0,4,4,0,0,683,660,,445,246,616,.399,74,229,.323,117,194,.603,114,388,129,86,32,140,182
100,Fresno State,12,4,8,.333,3.06,1.97,0,2,3,2,1,5,861,804,,500,299,710,.421,117,362,.323,146,214,.682,145,470,153,70,47,155,232
101,Furman,14,11,3,.786,8.55,-1.63,1,0,6,0,4,3,1100,896,,565,403,845,.477,140,389,.360,154,217,.710,117,456,216,123,40,154,209
102,Gardner-Webb,12,4,8,.333,-6.94,2.56,0,0,2,1,0,7,803,860,,480,283,682,.415,86,259,.332,151,222,.680,111,399,153,69,50,148,197
103,George Mason,12,11,1,.917,4.88,-2.79,0,0,8,0,0,1,852,760,,485,302,701,.431,77,238,.324,171,242,.707,151,494,131,68,66,152,189
104,George Washington,11,5,6,.455,-5.40,-4.31,0,0,3,3,0,2,745,757,,440,253,609,.415,88,275,.320,151,204,.740,99,372,127,55,46,137,179
105,Georgetown,12,9,3,.750,13.77,4.69,0,0,6,2,2,0,984,875,,480,347,746,.465,82,223,.368,208,271,.768,160,495,202,78,64,181,204
106,Georgia Southern,13,8,5,.615,-1.59,0.14,2,0,6,0,1,4,1017,952,,520,358,833,.430,112,330,.339,189,271,.697,139,463,156,120,53,161,205
107,Georgia State,12,8,4,.667,5.36,3.36,2,0,5,0,2,4,959,868,,490,342,769,.445,98,242,.405,177,253,.700,146,447,168,107,59,166,254
108,Georgia Tech,12,6,6,.500,5.29,5.87,1,1,3,3,2,2,792,799,,490,295,677,.436,57,211,.270,145,231,.628,104,432,136,87,63,205,228
109,Georgia,11,8,3,.727,8.35,1.75,0,0,7,0,1,1,908,839,,450,339,722,.470,76,259,.293,154,231,.667,151,457,172,97,43,167,202
110,Gonzaga,14,13,1,.929,22.19,2.05,0,0,8,0,3,0,1235,953,,565,446,888,.502,118,301,.392,225,339,.664,170,582,243,105,53,158,207
111,Grambling,13,6,7,.462,-9.63,1.15,0,0,4,0,2,6,1015,947,,520,387,816,.474,67,216,.310,174,253,.688,154,487,192,115,52,188,255
112,Grand Canyon,14,5,9,.357,-3.05,1.26,0,0,4,4,0,2,951,1016,,565,346,794,.436,80,271,.295,179,238,.752,111,450,161,76,17,163,225
113,Green Bay,13,5,8,.385,-5.96,2.59,0,0,3,2,2,6,1074,1055,,520,401,847,.473,107,283,.378,165,232,.711,117,456,226,110,32,168,224
114,Hampton,12,4,8,.333,-18.82,-0.93,0,0,4,2,0,6,901,927,,485,325,724,.449,73,228,.320,178,264,.674,133,451,178,72,52,170,228
115,Hartford,13,6,7,.462,-12.87,-7.87,0,0,4,4,2,3,869,902,,520,297,721,.412,107,306,.350,168,236,.712,93,419,168,99,30,192,244
116,Harvard,12,8,4,.667,1.90,-3.19,0,0,4,0,3,1,881,768,,480,316,698,.453,82,262,.313,167,226,.739,130,453,144,92,64,174,196
117,Hawaii,13,8,5,.615,2.12,2.37,0,0,8,3,0,2,909,895,,520,321,734,.437,100,295,.339,167,235,.711,119,432,188,74,33,193,234
118,High Point,12,3,9,.250,-18.32,0.28,0,0,3,3,0,6,788,931,,485,270,684,.395,73,230,.317,175,241,.726,143,417,153,64,48,192,209
119,Hofstra,13,9,4,.692,-0.94,-5.52,0,0,4,1,3,3,1004,907,,520,345,804,.429,97,290,.334,217,277,.783,151,493,162,104,29,161,202
120,Holy Cross,12,1,11,.083,-17.11,-1.65,0,0,0,5,0,5,811,984,,490,308,715,.431,84,268,.313,111,173,.642,121,414,157,60,26,191,241
121,Houston Baptist,10,0,10,.000,-16.74,7.86,0,1,0,1,0,8,766,1012,,400,273,659,.414,91,244,.373,129,190,.679,122,348,132,60,18,167,210
122,Houston,13,10,3,.769,14.82,3.13,0,0,5,2,2,1,1003,851,,520,359,804,.447,94,261,.360,191,270,.707,195,556,179,60,73,154,248
123,Howard,13,2,11,.154,-23.07,-2.71,0,0,1,4,1,6,883,1052,,525,314,777,.404,89,273,.326,166,248,.669,126,438,166,76,32,170,232
124,Idaho State,9,3,6,.333,-8.59,-0.45,0,0,2,1,1,5,636,602,,365,230,480,.479,69,191,.361,107,177,.605,88,299,119,58,21,136,156
125,Idaho,11,4,7,.364,-13.74,-3.52,0,0,3,2,0,4,745,781,,445,282,631,.447,58,191,.304,123,186,.661,86,378,145,65,28,149,180
126,Illinois-Chicago,13,5,8,.385,-7.93,-0.18,0,0,4,3,0,5,857,947,,520,300,724,.414,107,332,.322,150,224,.670,117,455,184,77,47,214,233
127,Illinois State,12,5,7,.417,-2.58,1.42,0,0,5,1,0,3,823,848,,480,313,704,.445,86,243,.354,111,167,.665,124,414,151,65,36,169,201
128,Illinois,12,8,4,.667,13.31,4.04,1,1,7,1,1,2,951,797,,485,339,700,.484,60,197,.305,213,289,.737,159,497,171,72,34,187,184
129,Incarnate Word,12,3,9,.250,-22.45,-4.45,0,1,3,3,0,6,791,867,,485,287,694,.414,68,214,.318,149,214,.696,111,407,150,85,29,179,235
130,Indiana State,11,7,4,.636,4.24,2.64,0,0,4,0,1,2,805,782,,445,273,593,.460,87,212,.410,172,238,.723,82,364,143,65,29,136,213
131,Indiana,12,11,1,.917,15.26,1.35,1,1,9,0,0,1,964,797,,485,332,686,.484,65,202,.322,235,335,.701,149,477,170,77,58,162,205
132,Iona,6,2,4,.333,-5.46,-3.96,0,0,0,1,0,2,419,428,,250,141,340,.415,42,152,.276,95,131,.725,64,208,81,53,24,96,114
133,Iowa State,11,7,4,.636,13.98,3.25,0,0,6,1,0,1,895,777,,440,332,713,.466,86,276,.312,145,203,.714,109,401,188,95,63,122,160
134,Iowa,12,9,3,.750,16.55,7.22,1,1,5,1,2,1,957,845,,480,328,733,.447,100,277,.361,201,274,.734,149,461,208,79,37,146,179
135,Purdue-Fort Wayne,15,7,8,.467,-6.45,-1.86,0,0,6,1,1,7,1058,1032,,600,393,896,.439,134,413,.324,138,211,.654,159,532,200,112,37,214,224
136,IUPUI,13,4,9,.308,-14.95,-0.04,0,0,3,1,1,6,848,975,,520,311,763,.408,97,276,.351,129,214,.603,138,461,148,93,32,200,232
137,Jackson State,12,3,9,.250,-15.58,0.32,0,0,2,0,1,9,806,900,,480,309,749,.413,68,255,.267,120,176,.682,118,361,161,125,36,161,231
138,Jacksonville State,12,4,8,.333,-8.35,-2.54,0,0,3,1,0,6,842,836,,485,313,709,.441,97,277,.350,119,188,.633,126,431,160,85,32,180,177
139,Jacksonville,14,7,7,.500,-4.05,-2.64,0,0,3,1,3,4,943,928,,570,331,793,.417,106,328,.323,175,264,.663,136,544,168,74,29,200,204
140,James Madison,11,7,4,.636,-5.41,-2.21,0,0,5,1,2,3,841,825,,440,283,669,.423,106,317,.334,169,262,.645,112,470,153,63,51,156,185
141,Kansas State,11,6,5,.545,5.83,-1.08,0,0,5,1,1,0,732,656,,445,257,601,.428,77,232,.332,141,208,.678,108,373,166,103,31,161,190
142,Kansas,11,9,2,.818,27.50,9.60,0,0,5,0,1,1,901,692,,445,338,649,.521,78,214,.364,147,222,.662,112,428,187,98,50,152,170
143,Kennesaw State,12,1,11,.083,-20.13,-0.80,0,0,1,2,0,7,682,914,,480,234,656,.357,50,199,.251,164,241,.680,133,432,100,57,24,199,204
144,Kent State,12,10,2,.833,7.50,-4.60,0,0,7,0,2,0,975,785,,490,352,771,.457,112,329,.340,159,214,.743,132,454,185,93,64,134,215
145,Kentucky,11,8,3,.727,13.76,0.49,0,0,7,1,0,0,819,673,,440,290,625,.464,49,176,.278,190,242,.785,107,415,170,60,47,139,179
146,La Salle,11,8,3,.727,2.84,-0.70,0,0,4,1,1,2,790,751,,450,273,639,.427,96,273,.352,148,216,.685,107,406,148,76,42,163,218
147,Lafayette,10,7,3,.700,-1.30,-3.85,0,0,4,1,3,2,744,681,,400,274,553,.495,101,244,.414,95,124,.766,70,334,163,51,43,141,139
148,Lamar,13,7,6,.538,-6.31,-2.11,1,1,6,0,1,6,911,845,,525,347,819,.424,65,222,.293,152,245,.620,182,516,167,133,70,188,217
149,Lehigh,11,3,8,.273,-7.88,3.35,0,0,2,2,1,6,729,774,,440,289,652,.443,53,176,.301,98,133,.737,98,393,132,62,31,171,195
150,Liberty,14,14,0,1.000,10.32,-4.26,0,0,6,0,2,0,1003,723,,560,353,724,.488,119,299,.398,178,250,.712,107,501,193,73,45,142,188
151,Lipscomb,12,5,7,.417,-5.26,-0.26,0,0,3,2,2,5,872,849,,480,327,727,.450,87,270,.322,130,190,.684,114,435,157,69,36,172,177
152,Cal State Long Beach,14,4,10,.286,-7.96,5.35,0,0,3,2,0,6,950,1092,,560,350,791,.442,85,238,.357,165,243,.679,127,464,168,95,54,241,244
153,Long Island University,12,4,8,.333,-6.17,-0.75,0,0,1,2,2,5,908,973,,485,313,712,.440,118,345,.342,164,238,.689,79,399,163,83,47,179,223
154,Longwood,12,5,7,.417,-11.48,-7.68,0,0,4,1,1,6,825,816,,495,285,691,.412,106,325,.326,149,214,.696,105,419,129,72,19,171,243
155,Louisiana,12,5,7,.417,-7.06,-1.79,0,2,4,1,0,5,882,912,,485,298,706,.422,86,260,.331,200,283,.707,123,425,123,89,27,178,222
156,Louisiana-Monroe,10,4,6,.400,-7.16,-3.41,0,2,4,3,0,3,653,637,,405,232,523,.444,63,175,.360,126,187,.674,91,345,112,56,34,150,169
157,Louisiana State,11,7,4,.636,14.34,1.34,0,0,6,1,0,1,899,756,,440,334,670,.499,71,229,.310,160,214,.748,124,440,154,76,53,166,166
158,Louisiana Tech,12,9,3,.750,6.15,-5.45,0,0,7,0,2,3,938,736,,480,345,744,.464,107,309,.346,141,209,.675,133,471,187,99,31,146,213
159,Louisville,12,11,1,.917,18.74,0.49,2,0,9,0,1,0,920,701,,480,328,676,.485,96,255,.376,168,225,.747,122,486,183,59,33,150,190
160,Loyola (IL),13,8,5,.615,5.55,-0.86,0,0,5,2,1,1,928,820,,520,337,653,.516,71,195,.364,183,264,.693,71,396,196,99,26,186,193
161,Loyola Marymount,13,6,7,.462,-0.92,0.92,0,0,5,2,0,3,895,874,,520,336,681,.493,77,212,.363,146,235,.621,108,383,168,87,31,177,270
162,Loyola (MD),11,7,4,.636,-6.82,-7.72,0,0,3,0,3,4,792,756,,445,283,622,.455,81,249,.325,145,234,.620,88,368,187,82,33,135,197
163,Maine,12,3,9,.250,-16.04,-1.49,0,0,1,2,1,7,688,808,,480,255,613,.416,72,251,.287,106,160,.663,106,401,178,75,42,201,187
164,Manhattan,9,4,5,.444,-9.53,-6.20,0,0,2,1,2,4,542,572,,365,186,503,.370,67,217,.309,103,160,.644,95,315,109,73,27,130,194
165,Marist,9,1,8,.111,-16.74,-7.74,0,1,0,4,1,4,516,597,,370,194,524,.370,55,193,.285,73,123,.593,96,317,76,59,23,119,165
166,Marquette,11,9,2,.818,13.02,3.39,0,0,6,0,1,1,840,734,,440,269,620,.434,109,260,.419,193,269,.717,101,437,157,57,56,165,221
167,Marshall,12,5,7,.417,-1.41,-1.22,0,0,4,3,1,4,915,881,,480,344,767,.449,80,284,.282,147,226,.650,138,470,160,117,79,193,227
168,Maryland-Baltimore County,14,6,8,.429,-9.00,-0.73,0,0,5,1,1,5,976,945,,560,351,800,.439,101,326,.310,173,280,.618,142,489,196,78,24,196,236
169,Maryland-Eastern Shore,14,1,13,.071,-20.43,3.19,0,0,1,1,0,12,755,1016,,560,286,790,.362,86,322,.267,97,162,.599,116,421,130,125,52,225,248
170,Maryland,12,10,2,.833,19.52,6.18,1,1,7,0,0,2,896,736,,480,303,730,.415,89,294,.303,201,280,.718,161,512,154,68,64,151,186
171,Massachusetts-Lowell,13,6,7,.462,-5.24,-5.66,0,0,4,5,2,2,968,920,,525,347,778,.446,87,265,.328,187,263,.711,144,504,195,83,37,172,211
172,Massachusetts,12,6,6,.500,1.26,0.43,0,0,5,2,1,2,847,837,,485,301,691,.436,106,292,.363,139,208,.668,108,380,161,95,38,159,211
173,McNeese State,12,5,7,.417,-6.39,3.11,0,1,5,1,0,6,994,859,,480,356,681,.523,116,262,.443,166,242,.686,112,415,201,88,56,199,182
174,Memphis,11,10,1,.909,17.61,0.52,0,0,7,0,2,0,867,679,,440,308,660,.467,65,196,.332,186,272,.684,135,464,160,100,75,180,219
175,Mercer,13,5,8,.385,-9.54,-4.79,0,1,3,3,2,3,910,959,,520,331,777,.426,91,264,.345,157,223,.704,147,471,191,89,29,193,245
176,Merrimack,12,6,6,.500,-12.66,-4.21,0,0,2,0,3,5,744,743,,480,272,680,.400,94,321,.293,106,150,.707,98,343,147,124,33,138,206
177,Miami (FL),11,8,3,.727,7.90,3.81,0,1,4,1,2,0,832,787,,440,310,659,.470,92,232,.397,118,171,.690,90,361,133,69,45,118,155
178,Miami (OH),12,6,6,.500,-5.03,-2.57,0,0,4,2,1,2,865,857,,480,314,756,.415,104,327,.318,133,174,.764,118,442,152,59,35,141,222
179,Michigan State,12,9,3,.750,21.44,5.27,2,0,4,1,2,0,968,774,,480,340,726,.468,94,275,.342,194,259,.749,143,518,232,65,57,156,199
180,Michigan,12,9,3,.750,18.83,6.83,1,1,6,1,0,2,941,797,,485,349,712,.490,108,279,.387,135,184,.734,100,439,189,65,61,147,168
181,Middle Tennessee,12,4,8,.333,-11.80,3.20,0,0,3,2,1,3,892,907,,480,325,734,.443,92,274,.336,150,225,.667,126,439,182,84,41,167,210
182,Milwaukee,12,5,7,.417,-4.53,0.17,0,0,4,2,0,3,872,859,,495,307,760,.404,96,289,.332,162,243,.667,148,450,141,63,41,158,256
183,Minnesota,11,6,5,.545,16.20,8.20,1,1,5,1,0,3,801,713,,440,296,653,.453,100,283,.353,109,165,.661,123,421,180,60,59,151,191
184,Mississippi State,11,8,3,.727,9.73,1.45,0,0,5,1,1,0,788,697,,440,281,592,.475,69,197,.350,157,228,.689,145,408,158,74,54,167,187
185,Mississippi Valley State,13,1,12,.077,-34.75,0.75,0,0,1,0,0,12,869,1241,,520,348,932,.373,90,340,.265,83,148,.561,156,485,138,93,32,195,244
186,Mississippi,11,8,3,.727,7.02,0.38,0,0,6,1,0,1,792,719,,440,277,614,.451,77,222,.347,161,231,.697,105,386,179,89,30,154,201
187,Missouri-Kansas City,14,7,7,.500,-5.09,2.83,0,0,4,0,1,5,980,949,,560,372,811,.459,94,269,.349,142,206,.689,126,446,189,121,48,197,297
188,Missouri State,13,6,7,.462,1.21,-1.49,0,0,5,1,0,4,882,847,,520,318,723,.440,82,241,.340,164,222,.739,147,484,147,81,34,201,222
189,Missouri,11,7,4,.636,10.14,1.96,0,0,5,1,1,1,725,635,,445,257,601,.428,67,247,.271,144,195,.738,115,405,129,77,33,165,208
190,Monmouth,11,6,5,.545,-7.17,-2.07,0,0,3,0,2,4,721,777,,440,253,630,.402,79,229,.345,136,181,.751,97,357,146,80,28,155,224
191,Montana State,11,6,5,.545,-4.79,-0.46,0,0,3,1,1,4,768,738,,440,276,581,.475,79,217,.364,137,194,.706,75,380,140,71,26,168,187
192,Montana,11,4,7,.364,-2.09,5.36,0,0,4,1,0,6,713,768,,445,270,629,.429,53,178,.298,120,175,.686,74,358,122,70,40,156,220
193,Morehead State,12,5,7,.417,-9.29,-5.02,0,0,4,1,1,6,822,821,,490,312,710,.439,74,245,.302,124,203,.611,125,445,161,82,49,160,194
194,Morgan State,13,5,8,.385,-10.06,2.74,0,0,4,2,1,3,919,960,,535,329,771,.427,63,230,.274,198,283,.700,168,505,147,72,56,217,329
195,Mount St. Mary's,12,3,9,.250,-9.22,-1.40,0,0,2,2,1,7,739,808,,485,265,690,.384,71,274,.259,138,198,.697,131,421,123,64,34,147,204
196,Murray State,11,6,5,.545,1.46,-4.44,0,0,5,0,0,3,815,690,,445,285,617,.462,61,192,.318,184,261,.705,104,424,161,66,38,152,199
197,Navy,10,6,4,.600,-2.99,-4.10,0,0,5,1,1,3,618,577,,410,208,518,.402,69,218,.317,133,194,.686,125,385,119,47,18,136,140
198,Omaha,15,7,8,.467,-3.41,2.52,0,0,6,0,1,7,1070,1134,,605,404,907,.445,88,250,.352,174,250,.696,149,557,195,74,48,209,245
199,Nebraska,12,5,7,.417,0.92,3.09,1,1,3,3,0,3,896,922,,500,325,745,.436,102,297,.343,144,250,.576,103,430,173,71,34,144,171
200,Nevada-Las Vegas,13,5,8,.385,-0.32,1.14,1,0,4,4,1,3,891,910,,545,311,724,.430,97,292,.332,172,244,.705,163,480,155,62,37,193,240
201,Nevada,13,8,5,.615,8.44,4.05,1,0,4,2,1,2,992,935,,520,344,778,.442,124,326,.380,180,243,.741,110,501,192,66,45,161,262
202,New Hampshire,12,6,6,.500,-8.48,-5.28,0,0,4,0,2,6,899,813,,485,329,752,.438,114,319,.357,127,201,.632,149,519,189,55,31,179,206
203,New Mexico State,14,8,6,.571,3.12,1.81,0,0,4,1,1,3,928,865,,565,332,776,.428,111,358,.310,153,232,.659,169,494,173,87,26,215,228
204,New Mexico,14,12,2,.857,7.65,-0.43,2,0,9,0,2,1,1129,1003,,560,395,790,.500,84,249,.337,255,348,.733,138,526,228,111,40,213,216
205,New Orleans,11,4,7,.364,-10.96,6.18,0,2,4,1,0,6,872,810,,440,323,678,.476,59,170,.347,167,208,.803,106,362,180,97,26,146,211
206,Niagara,10,2,8,.200,-13.24,-0.84,0,0,1,1,1,7,679,803,,405,251,578,.434,68,209,.325,109,140,.779,61,265,123,64,17,120,161
207,Nicholls State,13,7,6,.538,-3.45,2.99,1,1,5,0,1,5,1014,886,,525,373,870,.429,100,326,.307,168,228,.737,169,471,168,146,43,185,255
208,NJIT,12,3,9,.250,-12.81,-4.63,0,0,2,2,1,7,806,868,,480,286,715,.400,77,256,.301,157,225,.698,123,428,125,70,34,146,209
209,Norfolk State,14,4,10,.286,-11.22,-2.22,0,0,3,2,0,7,941,901,,565,336,811,.414,98,314,.312,171,243,.704,157,511,177,116,31,207,275
210,North Alabama,12,5,7,.417,-11.21,-5.01,0,0,5,0,0,7,827,830,,480,293,683,.429,84,263,.319,157,237,.662,125,436,143,81,36,176,235
211,North Carolina-Asheville,11,6,5,.545,-3.52,-3.52,0,0,4,1,2,4,895,829,,445,330,710,.465,101,304,.332,134,207,.647,125,361,133,108,23,134,249
212,North Carolina A&T,13,3,10,.231,-11.44,1.18,0,0,2,1,0,7,749,913,,525,267,705,.379,59,218,.271,156,259,.602,134,454,137,97,42,217,268
213,North Carolina Central,13,3,10,.231,-14.66,0.80,0,0,3,0,0,10,829,894,,520,309,724,.427,78,242,.322,133,197,.675,129,415,160,121,40,218,239
214,North Carolina-Greensboro,13,10,3,.769,10.70,0.87,1,0,7,2,3,1,908,732,,520,340,800,.425,115,363,.317,113,188,.601,172,490,173,99,64,146,223
215,North Carolina State,12,9,3,.750,12.88,1.79,1,1,7,1,2,1,981,848,,485,361,759,.476,98,267,.367,161,221,.729,122,434,171,103,57,145,208
216,North Carolina-Wilmington,13,5,8,.385,-11.10,1.80,0,0,4,3,0,4,948,941,,525,347,758,.458,107,274,.391,147,218,.674,116,467,183,77,33,194,195
217,North Carolina,12,7,5,.583,9.32,7.65,1,1,3,2,1,2,839,819,,480,301,744,.405,67,225,.298,168,264,.636,172,535,159,69,56,158,189
218,North Dakota State,13,8,5,.615,-1.36,-3.36,0,0,4,1,3,3,899,835,,520,305,741,.412,119,359,.331,170,228,.746,113,461,160,68,26,128,201
219,North Dakota,13,6,7,.462,-5.90,1.50,0,0,3,0,2,6,1003,928,,520,366,772,.474,109,309,.353,162,208,.779,127,509,197,61,37,194,209
220,North Florida,14,7,7,.500,-1.31,2.69,0,0,5,0,1,6,1111,1075,,560,378,871,.434,179,474,.378,176,223,.789,158,515,229,82,37,202,238
221,North Texas,12,5,7,.417,6.35,4.62,0,0,4,2,1,3,792,734,,480,284,634,.448,105,279,.376,119,165,.721,122,400,142,80,29,188,224
222,Northeastern,12,6,6,.500,0.43,-4.73,0,0,2,2,3,2,864,802,,480,307,636,.483,114,277,.412,136,166,.819,90,367,160,90,25,165,207
223,Northern Arizona,9,6,3,.667,-4.77,0.23,0,0,3,1,2,2,680,605,,360,242,534,.453,77,204,.377,119,175,.680,94,322,132,66,25,115,152
224,Northern Colorado,11,7,4,.636,5.07,-2.16,0,0,4,0,1,3,844,668,,445,293,642,.456,123,312,.394,135,202,.668,108,403,145,67,22,125,178
225,Northern Illinois,13,7,6,.538,-2.39,-3.89,0,0,4,2,3,4,891,825,,520,315,770,.409,107,310,.345,154,229,.672,156,513,135,74,39,164,210
226,Northern Iowa,12,11,1,.917,10.39,1.59,0,0,7,0,3,0,933,764,,485,333,690,.483,119,313,.380,148,192,.771,120,455,146,51,21,150,170
227,Northern Kentucky,12,8,4,.667,3.62,0.52,0,0,5,1,3,3,894,783,,490,317,693,.457,110,329,.334,150,229,.655,117,447,180,106,26,185,213
228,Northwestern State,10,3,7,.300,-17.38,-0.13,1,1,3,1,0,6,665,769,,400,243,586,.415,73,242,.302,106,153,.693,99,351,120,60,39,166,197
229,Northwestern,11,5,6,.455,4.69,2.42,0,2,3,3,1,2,744,719,,440,264,617,.428,69,220,.314,147,194,.758,92,386,155,56,28,131,183
230,Notre Dame,12,8,4,.667,8.70,-2.05,0,2,8,1,0,2,896,767,,485,314,756,.415,116,349,.332,152,214,.710,126,481,214,77,48,116,147
231,Oakland,13,5,8,.385,-2.86,1.89,0,0,2,1,1,5,813,842,,525,283,685,.413,64,238,.269,183,267,.685,133,494,157,76,29,189,189
232,Ohio State,12,11,1,.917,25.24,3.49,1,1,8,0,1,1,950,689,,480,322,656,.491,112,274,.409,194,266,.729,126,481,189,59,51,157,198
233,Ohio,12,8,4,.667,0.31,0.61,0,0,5,1,2,1,877,803,,480,319,673,.474,107,294,.364,132,192,.688,106,412,197,80,32,160,205
234,Oklahoma State,11,8,3,.727,13.90,7.44,0,0,4,2,2,0,782,711,,440,275,644,.427,72,230,.313,160,217,.737,115,410,133,87,48,149,188
235,Oklahoma,11,8,3,.727,9.83,5.55,0,0,4,0,1,2,813,766,,440,288,686,.420,78,248,.315,159,203,.783,92,412,126,69,44,108,153
236,Old Dominion,13,4,9,.308,-1.01,1.30,0,0,3,2,1,4,808,838,,520,307,775,.396,67,232,.289,127,190,.668,148,492,124,104,46,174,237
237,Oral Roberts,12,7,5,.583,4.62,2.62,0,0,6,0,1,5,945,810,,480,328,781,.420,97,317,.306,192,264,.727,170,509,152,82,28,147,195
238,Oregon State,11,9,2,.818,8.95,-3.78,0,0,6,0,1,1,858,718,,440,303,616,.492,76,208,.365,176,251,.701,96,391,178,73,69,133,174
239,Oregon,12,10,2,.833,21.06,8.81,0,0,7,0,1,0,946,799,,490,343,703,.488,102,250,.408,158,232,.681,132,449,171,86,34,152,194
240,Pacific,15,12,3,.800,1.66,-6.42,0,0,9,1,2,1,1062,897,,615,394,828,.476,92,249,.369,182,286,.636,169,548,190,97,53,193,266
241,Penn State,12,10,2,.833,16.19,3.10,1,1,8,0,1,1,955,798,,480,342,764,.448,101,315,.321,170,245,.694,147,495,193,112,80,157,215
242,Pennsylvania,10,6,4,.600,4.27,5.49,0,0,2,0,2,3,792,755,,400,293,624,.470,103,284,.363,103,157,.656,87,374,170,60,38,141,150
243,Pepperdine,13,7,6,.538,0.77,0.24,0,0,5,1,2,2,1025,1018,,520,349,787,.443,106,294,.361,221,260,.850,137,428,194,87,42,174,250
244,Pittsburgh,12,9,3,.750,8.24,1.66,1,1,6,2,1,1,776,697,,480,276,667,.414,56,210,.267,168,242,.694,150,438,146,89,40,150,165
245,Portland State,12,6,6,.500,-1.75,-1.05,0,0,3,1,2,5,960,889,,480,348,806,.432,85,253,.336,179,257,.696,200,480,167,110,47,151,235
246,Portland,15,8,7,.533,-7.40,-5.09,0,0,6,2,2,1,1025,983,,600,359,803,.447,111,300,.370,196,297,.660,109,499,221,87,60,213,233
247,Prairie View,12,3,9,.250,-4.83,3.90,0,0,1,0,1,8,828,886,,485,296,706,.419,60,178,.337,176,271,.649,129,413,146,105,29,195,277
248,Presbyterian,12,2,10,.167,-19.76,-3.31,0,0,1,2,1,6,734,887,,485,281,682,.412,66,236,.280,106,158,.671,115,398,138,77,23,172,201
249,Princeton,11,3,8,.273,-5.54,0.28,0,0,0,4,1,3,794,858,,445,282,631,.447,89,274,.325,141,200,.705,108,356,143,64,21,145,194
250,Providence,13,7,6,.538,6.82,-0.25,0,0,6,1,0,2,945,853,,520,333,813,.410,95,291,.326,184,281,.655,184,520,222,128,50,183,243
251,Purdue,12,7,5,.583,13.70,3.53,1,1,5,1,1,2,806,684,,485,296,712,.416,88,275,.320,126,191,.660,154,464,170,80,44,138,211
252,Quinnipiac,10,5,5,.500,-7.09,-7.29,0,0,3,1,1,3,724,722,,400,251,576,.436,104,284,.366,118,159,.742,88,360,143,50,36,121,144
253,Radford,11,4,7,.364,2.77,4.67,0,0,2,1,1,5,757,725,,440,274,635,.431,89,247,.360,120,184,.652,120,384,140,59,24,121,205
254,Rhode Island,10,7,3,.700,9.45,6.05,0,0,6,0,0,2,752,718,,405,273,649,.421,58,187,.310,148,212,.698,126,398,132,88,34,136,166
255,Rice,12,8,4,.667,-3.24,-0.34,0,0,4,1,2,2,909,880,,480,307,702,.437,121,345,.351,174,252,.690,109,461,174,74,35,178,199
256,Richmond,12,10,2,.833,9.31,0.39,0,0,7,0,2,0,914,807,,490,339,714,.475,117,296,.395,119,151,.788,91,402,207,94,33,133,188
257,Rider,10,7,3,.700,1.11,-3.79,1,0,3,0,2,3,776,727,,400,267,610,.438,61,188,.324,181,269,.673,130,437,132,66,29,151,173
258,Robert Morris,13,4,9,.308,-10.57,-3.16,0,0,2,1,1,8,886,935,,520,328,794,.413,115,325,.354,115,179,.642,156,441,205,94,19,178,241
259,Rutgers,12,9,3,.750,14.35,3.10,1,1,9,0,0,2,859,724,,480,327,702,.466,61,213,.286,144,221,.652,142,484,171,93,60,172,197
260,Sacramento State,9,7,2,.778,0.59,-1.69,0,0,4,0,2,2,570,469,,360,198,482,.411,38,119,.319,136,189,.720,102,349,111,55,31,121,152
261,Sacred Heart,12,7,5,.583,-4.87,-6.23,0,0,2,0,4,4,951,892,,480,341,765,.446,93,300,.310,176,218,.807,153,504,188,71,45,181,185
262,Saint Francis (PA),11,7,4,.636,-0.75,-0.35,0,0,3,1,3,3,847,802,,445,291,646,.450,71,199,.357,194,251,.773,112,389,113,82,25,142,197
263,Saint Joseph's,12,3,9,.250,-5.06,5.03,0,0,2,3,1,3,859,980,,480,294,770,.382,117,384,.305,154,219,.703,139,439,160,65,33,152,211
264,Saint Louis,12,10,2,.833,10.58,1.94,0,0,7,1,1,0,873,765,,480,321,716,.448,78,225,.347,153,274,.558,168,493,175,94,50,157,212
265,Saint Mary's (CA),14,12,2,.857,14.14,2.91,0,0,7,1,1,0,1074,877,,565,383,765,.501,132,293,.451,176,235,.749,109,455,181,96,36,139,205
266,Saint Peter's,9,4,5,.444,-6.43,-2.05,0,0,2,2,2,3,603,617,,365,203,511,.397,62,154,.403,135,189,.714,135,359,93,74,40,171,191
267,Sam Houston State,12,8,4,.667,-2.57,-3.07,2,0,7,0,1,4,986,846,,490,356,796,.447,106,284,.373,168,215,.781,132,451,208,114,43,174,253
268,Samford,14,6,8,.429,-9.95,-1.67,0,0,5,1,1,7,1091,1085,,570,399,868,.460,102,280,.364,191,281,.680,157,544,193,106,42,234,245
269,San Diego State,12,12,0,1.000,21.74,3.10,2,0,6,0,3,0,924,675,,480,340,733,.464,105,263,.399,139,194,.716,146,471,196,82,43,131,208
270,San Diego,14,6,8,.429,-1.01,0.64,0,0,4,2,2,3,923,946,,565,339,813,.417,90,296,.304,155,230,.674,120,486,172,83,47,204,244
271,San Francisco,14,11,3,.786,7.53,-0.86,0,0,7,1,3,2,1151,991,,565,400,881,.454,149,411,.363,202,276,.732,168,535,189,102,37,174,242
272,San Jose State,13,3,10,.231,-9.40,5.68,0,2,2,5,1,4,854,1010,,520,294,754,.390,87,307,.283,179,264,.678,142,480,169,69,49,210,235
273,Santa Clara,14,12,2,.857,1.29,-5.79,0,0,12,0,0,2,1112,935,,560,397,823,.482,109,318,.343,209,277,.755,110,505,248,98,59,202,291
274,Seattle,14,7,7,.500,-7.61,-3.52,0,0,5,2,0,4,1004,985,,560,350,864,.405,84,308,.273,220,291,.756,152,517,151,84,38,161,252
275,Seton Hall,12,8,4,.667,17.30,6.80,0,0,5,1,1,2,897,771,,480,320,723,.443,100,291,.344,157,229,.686,127,454,171,102,72,166,232
276,Siena,9,4,5,.444,-1.60,-0.93,1,0,4,0,0,5,664,670,,375,235,551,.426,53,172,.308,141,198,.712,105,357,108,51,23,127,167
277,South Alabama,12,6,6,.500,-1.69,0.82,0,2,4,3,0,2,914,882,,485,320,682,.469,81,238,.340,193,258,.748,109,400,142,91,65,145,211
278,South Carolina State,11,4,7,.364,-17.03,-0.25,0,0,4,1,0,6,759,871,,445,260,594,.438,58,185,.314,181,227,.797,93,360,111,46,18,160,175
279,South Carolina Upstate,12,4,8,.333,-15.08,-0.48,0,0,3,1,1,7,798,885,,480,287,703,.408,83,269,.309,141,212,.665,116,392,139,73,26,158,224
280,South Carolina,12,8,4,.667,6.65,0.98,0,0,5,2,3,0,847,779,,480,319,722,.442,63,215,.293,146,238,.613,143,441,166,97,54,160,248
281,South Dakota State,15,9,6,.600,-1.24,-4.24,0,0,8,0,1,6,1114,1034,,610,400,883,.453,103,339,.304,211,306,.690,172,600,203,92,38,211,249
282,South Dakota,14,9,5,.643,-2.10,-2.18,0,0,5,1,2,3,1070,1018,,560,385,785,.490,92,230,.400,208,277,.751,106,476,199,60,38,159,237
283,South Florida,12,6,6,.500,3.91,0.83,0,0,5,2,0,0,773,736,,485,277,656,.422,82,254,.323,137,228,.601,147,412,115,107,26,191,220
284,Southeast Missouri State,12,3,9,.250,-11.22,-1.59,0,0,2,1,0,7,763,868,,480,269,664,.405,63,204,.309,162,244,.664,110,410,110,76,18,177,227
285,Southeastern Louisiana,11,3,8,.273,-13.33,-1.08,0,1,3,1,0,6,772,851,,445,299,701,.427,71,246,.289,103,169,.609,132,383,143,84,22,178,225
286,Southern California,12,10,2,.833,9.26,2.51,0,0,5,1,2,0,912,831,,480,328,731,.449,83,233,.356,173,261,.663,140,480,196,86,66,173,196
287,SIU Edwardsville,12,2,10,.167,-19.89,-3.98,0,0,1,3,1,7,738,904,,480,287,688,.417,61,210,.290,103,159,.648,100,359,159,69,33,167,252
288,Southern Illinois,13,6,7,.462,-1.58,-3.08,0,0,5,1,0,4,836,790,,520,293,655,.447,91,274,.332,159,217,.733,89,388,173,83,27,162,193
289,Southern Methodist,11,9,2,.818,5.99,-4.20,0,0,7,1,2,1,843,731,,450,296,647,.457,78,244,.320,173,220,.786,142,452,178,70,32,148,170
290,Southern Mississippi,13,4,9,.308,-4.13,7.17,0,0,4,2,0,4,901,957,,520,355,778,.456,73,223,.327,118,172,.686,137,449,196,97,35,187,219
291,Southern Utah,11,7,4,.636,1.76,-0.13,0,0,4,0,2,4,847,700,,450,314,674,.466,74,229,.323,145,212,.684,124,447,142,96,41,175,212
292,Southern,13,3,10,.231,-14.03,1.43,0,0,2,0,0,10,894,981,,525,343,822,.417,79,255,.310,129,190,.679,172,469,162,82,38,181,306
293,St. Bonaventure,12,8,4,.667,1.27,-2.55,0,0,4,2,2,2,812,745,,480,292,684,.427,88,249,.353,140,184,.761,131,434,160,68,42,153,218
294,St. Francis (NY),12,6,6,.500,-13.80,-7.43,0,0,5,0,1,6,875,881,,480,326,748,.436,78,253,.308,145,211,.687,126,437,141,71,40,161,245
295,St. John's (NY),13,11,2,.846,11.04,-1.96,0,0,9,1,0,0,1037,868,,520,372,870,.428,80,253,.316,213,305,.698,192,560,192,129,72,170,245
296,Stanford,12,11,1,.917,13.76,-2.24,0,0,8,0,1,0,884,692,,480,321,647,.496,86,218,.394,156,225,.693,91,435,161,96,47,182,165
297,Stephen F. Austin,12,10,2,.833,8.18,-1.42,2,0,7,0,3,2,997,817,,485,365,743,.491,64,197,.325,203,286,.710,159,462,178,132,35,218,283
298,Stetson,14,5,9,.357,-13.08,-2.41,0,0,3,3,1,5,922,980,,560,322,741,.435,87,279,.312,191,288,.663,153,511,152,90,36,206,225
299,Stony Brook,14,8,6,.571,-0.86,-1.09,0,0,3,1,3,5,972,922,,570,337,818,.412,125,353,.354,173,242,.715,161,559,164,83,77,212,211
300,Syracuse,12,7,5,.583,11.51,3.76,1,1,6,2,1,1,884,791,,480,297,674,.441,114,322,.354,176,250,.704,116,413,212,96,48,144,194
301,Temple,11,8,3,.727,14.10,3.46,0,0,4,1,2,0,802,685,,440,286,676,.423,90,268,.336,140,209,.670,111,447,169,92,32,138,180
302,Tennessee-Martin,10,3,7,.300,-13.05,2.62,0,0,1,1,1,4,758,841,,400,276,615,.449,81,238,.340,125,175,.714,112,316,110,51,27,118,151
303,Tennessee State,13,8,5,.615,-1.59,-2.50,0,0,5,0,1,5,976,917,,520,360,744,.484,98,293,.334,158,250,.632,149,505,190,73,53,227,289
304,Tennessee Tech,12,3,9,.250,-14.54,0.86,0,0,2,3,1,4,745,847,,485,286,702,.407,88,289,.304,85,132,.644,126,416,147,81,33,200,171
305,Tennessee,11,8,3,.727,14.01,2.28,0,0,6,1,0,1,758,629,,440,266,612,.435,62,211,.294,164,216,.759,113,412,175,72,63,144,171
306,Texas A&M-Corpus Christi,12,4,8,.333,-11.56,-3.66,0,2,3,3,1,5,743,784,,480,259,629,.412,99,273,.363,126,186,.677,122,415,142,60,25,188,186
307,Texas A&M,10,5,5,.500,-3.03,0.67,0,0,5,1,0,0,577,614,,400,193,505,.382,51,210,.243,140,209,.670,91,339,108,68,38,151,140
308,Texas-Arlington,13,4,9,.308,3.19,7.01,0,2,3,2,1,6,910,901,,520,314,774,.406,109,344,.317,173,232,.746,134,491,179,69,40,157,228
309,Texas Christian,11,8,3,.727,10.80,0.70,0,0,7,2,0,0,796,674,,445,300,685,.438,101,297,.340,95,149,.638,136,411,187,106,53,145,169
310,Texas-El Paso,13,9,4,.692,3.16,1.16,0,0,8,0,0,3,898,821,,520,313,701,.447,83,260,.319,189,255,.741,106,442,167,88,39,193,227
311,Texas-Rio Grande Valley,12,4,8,.333,-10.53,-0.75,0,0,4,1,0,5,844,812,,490,314,740,.424,75,221,.339,141,205,.688,133,406,170,106,58,158,244
312,Texas-San Antonio,12,5,7,.417,-4.40,1.30,0,0,4,1,1,2,911,903,,480,318,775,.410,112,327,.343,163,216,.755,141,464,162,82,31,159,247
313,Texas Southern,11,3,8,.273,-6.13,9.97,0,0,2,0,1,8,759,882,,450,272,694,.392,57,208,.274,158,231,.684,130,424,128,69,36,187,222
314,Texas State,13,7,6,.538,1.35,-0.75,0,2,6,1,1,5,960,827,,520,345,719,.480,66,197,.335,204,277,.736,121,441,168,91,44,165,246
315,Texas Tech,11,8,3,.727,13.47,0.75,0,0,6,0,0,1,841,701,,450,288,646,.446,73,227,.322,192,248,.774,116,434,177,82,34,157,189
316,Texas,11,9,2,.818,8.28,2.19,0,0,6,0,1,1,739,672,,440,275,632,.435,94,289,.325,95,140,.679,109,366,153,68,42,151,189
317,Toledo,12,8,4,.667,3.09,-5.36,0,0,5,1,3,3,953,801,,485,313,709,.441,114,306,.373,213,291,.732,140,499,189,92,49,159,184
318,Towson,12,6,6,.500,1.04,2.04,0,0,3,1,1,2,843,785,,490,298,708,.421,82,248,.331,165,226,.730,137,446,135,84,37,154,233
319,Troy,13,5,8,.385,-7.98,-3.16,1,1,4,3,1,5,924,899,,525,332,822,.404,102,326,.313,158,235,.672,174,508,196,84,32,182,241
320,Tulane,12,8,4,.667,0.99,-4.26,0,0,5,0,1,0,876,813,,485,297,682,.435,100,274,.365,182,259,.703,107,392,148,106,24,145,164
321,Tulsa,12,8,4,.667,3.32,-2.68,0,0,7,1,1,2,890,818,,495,321,704,.456,74,223,.332,174,244,.713,128,450,178,95,30,161,202
322,UCLA,12,7,5,.583,5.97,2.52,0,0,6,1,0,1,869,805,,480,309,689,.448,62,202,.307,189,276,.685,154,470,159,83,44,161,226
323,Utah State,14,12,2,.857,15.72,1.41,2,0,7,0,1,1,1098,867,,570,378,836,.452,104,304,.342,238,310,.768,166,590,224,90,41,169,210
324,Utah Valley,14,5,9,.357,-8.06,-3.39,0,0,2,3,3,6,979,987,,560,358,835,.429,104,340,.306,159,215,.740,129,506,168,77,82,198,243
325,Utah,12,9,3,.750,11.14,1.22,0,0,5,0,1,1,951,832,,485,329,674,.488,93,266,.350,200,269,.743,109,470,184,56,33,166,187
326,Valparaiso,13,7,6,.538,0.64,-0.20,0,0,4,0,2,3,992,955,,525,365,807,.452,103,303,.340,159,233,.682,145,457,216,112,42,189,230
327,Vanderbilt,11,7,4,.636,5.00,-3.36,0,0,7,2,0,1,873,781,,445,302,638,.473,106,282,.376,163,243,.671,110,389,158,91,53,149,202
328,Vermont,13,8,5,.615,5.92,0.92,0,0,4,1,3,3,874,765,,520,311,752,.414,97,332,.292,155,221,.701,132,488,164,77,51,152,224
329,Villanova,11,9,2,.818,15.41,5.23,0,0,5,0,1,1,860,748,,440,308,653,.472,106,293,.362,138,179,.771,111,409,181,68,39,132,174
330,Virginia Commonwealth,12,9,3,.750,10.80,2.14,0,0,8,0,1,1,858,754,,480,291,680,.428,93,261,.356,183,251,.729,117,396,147,125,66,161,212
331,VMI,13,5,8,.385,-7.57,-4.17,0,1,4,2,0,5,949,823,,535,337,767,.439,148,395,.375,127,173,.734,129,454,217,105,37,156,200
332,Virginia Tech,12,9,3,.750,11.66,1.99,1,1,7,1,1,0,873,757,,480,318,697,.456,128,324,.395,109,163,.669,96,422,191,68,37,121,146
333,Virginia,11,9,2,.818,10.27,2.55,2,0,6,1,1,1,597,512,,440,221,555,.398,55,211,.261,100,140,.714,100,387,109,65,46,140,131
334,Wagner,10,3,7,.300,-11.58,-0.02,0,0,2,1,1,6,734,808,,410,240,606,.396,85,245,.347,169,233,.725,109,364,138,64,23,147,237
335,Wake Forest,12,7,5,.583,6.17,4.34,0,2,4,1,0,3,891,869,,485,300,706,.425,70,204,.343,221,293,.754,133,471,162,69,40,175,223
336,Washington State,12,8,4,.667,3.15,-5.11,0,0,5,1,1,1,887,788,,480,319,779,.409,88,294,.299,161,219,.735,148,466,137,83,28,134,206
337,Washington,13,10,3,.769,13.13,3.29,0,0,7,1,1,0,968,840,,520,339,707,.479,82,240,.342,208,285,.730,101,461,183,95,76,191,214
338,Weber State,11,4,7,.364,-11.49,5.01,0,0,3,1,1,2,791,756,,440,290,629,.461,88,247,.356,123,190,.647,90,361,150,60,41,142,148
339,West Virginia,11,10,1,.909,17.82,4.55,0,0,6,0,2,1,831,685,,440,297,675,.440,60,193,.311,177,263,.673,164,472,156,87,49,156,207
340,Western Carolina,11,8,3,.727,1.47,-1.83,1,0,5,0,3,3,866,809,,450,298,649,.459,108,301,.359,162,231,.701,121,415,152,59,21,166,196
341,Western Illinois,10,3,7,.300,-12.53,-2.16,0,0,2,4,1,3,785,790,,400,286,648,.441,84,219,.384,129,160,.806,88,356,119,55,21,111,172
342,Western Kentucky,11,7,4,.636,5.12,0.82,0,0,5,0,1,2,884,798,,450,310,630,.492,79,217,.364,185,237,.781,95,400,141,67,54,164,158
343,Western Michigan,12,7,5,.583,-8.43,-4.23,0,0,5,1,2,2,881,854,,495,288,693,.416,89,288,.309,216,304,.711,113,434,132,70,26,137,218
344,Wichita State,11,10,1,.909,16.68,1.87,0,0,8,0,1,0,843,680,,440,294,703,.418,91,261,.349,164,231,.710,141,448,175,82,49,132,204
345,William & Mary,13,8,5,.615,-3.25,-3.33,0,0,4,0,4,4,955,894,,520,345,744,.464,107,296,.361,158,221,.715,106,494,181,64,53,163,200
346,Winthrop,13,6,7,.462,0.71,1.25,0,0,4,2,2,5,1017,935,,520,374,828,.452,123,363,.339,146,238,.613,169,518,205,78,33,186,244
347,Wisconsin,11,6,5,.545,12.04,6.32,1,1,6,0,0,2,764,701,,445,263,595,.442,84,260,.323,154,197,.782,96,372,128,56,44,124,171
348,Wofford,13,8,5,.615,-0.58,-1.49,0,0,5,1,3,4,971,892,,520,342,739,.463,143,365,.392,144,187,.770,108,384,187,80,36,140,220
349,Wright State,13,10,3,.769,3.09,-5.64,0,0,5,2,3,0,1050,898,,530,383,842,.455,94,295,.319,190,273,.696,152,532,170,93,42,155,183
350,Wyoming,13,4,9,.308,-6.99,-0.53,0,2,3,6,1,1,769,853,,530,270,653,.413,85,280,.304,144,206,.699,55,396,125,52,28,172,230
351,Xavier,13,11,2,.846,13.49,3.72,0,0,8,0,1,1,955,828,,535,347,788,.440,84,278,.302,177,262,.676,156,516,187,94,48,186,230
352,Yale,13,10,3,.769,8.99,1.40,0,0,3,0,5,3,955,807,,550,341,733,.465,112,306,.366,161,240,.671,103,503,209,80,51,189,186
353,Youngstown State,13,7,6,.538,-6.56,-3.74,0,0,6,1,1,5,921,878,,520,339,813,.417,83,300,.277,160,248,.645,172,526,153,88,36,155,220